#Measurement file		
#project	CMS endcap calorimeter	
#Sensor Type	LD	
#Sensor Geometry	Full	
#Thickness	300um	
#Process variant	p-stop: common; p-stop concentration: x1.0; typeC	
#ID	8-198-300F-L6-P5295-05-104861-0	
#Scratch PAD	|0001|0000|0100|1000|0110|0001|	
#Operator	HPK	
#Test Date	15-Jul-23	
#Ingot No.	-	
#Bad pads	none	
#Depletion voltage [V]	210	
#temperature [deg]	25	
#humidity [%]	40	
		
voltage [V]	pad nr.[-]	current [A]
0	0	5E-08
0	1	1.59E-06
0	2	1.19E-06
0	3	6.19E-07
0	4	4.03E-07
0	5	4.09E-07
0	6	7.24E-07
0	7	1.18E-06
0	8	1.31E-06
0	9	1.49E-06
0	10	1.07E-06
0	11	6.04E-07
0	12	3.43E-07
0	13	4.47E-07
0	14	1.7E-07
0	15	3.44E-07
0	16	6.06E-07
0	17	8.04E-07
0	18	1.06E-06
0	19	1.22E-06
0	20	1.01E-06
0	21	7.51E-07
0	22	3.73E-07
0	23	2.31E-07
0	24	2.11E-07
0	25	2.98E-07
0	26	4.68E-07
0	27	4.67E-07
0	28	6.72E-07
0	29	1.17E-06
0	30	8.9E-07
0	31	7.38E-07
0	32	4.82E-07
0	33	3E-07
0	34	2.41E-07
0	35	2.71E-07
0	36	3.43E-07
0	37	3.81E-07
0	38	3.5E-07
0	39	3.99E-07
0	40	1.22E-06
0	41	8.95E-07
0	42	8.25E-07
0	43	7.46E-07
0	44	4.99E-07
0	45	3.65E-07
0	46	3.77E-07
0	47	4.36E-07
0	48	4.49E-07
0	49	3.4E-07
0	50	3.17E-07
0	51	4.5E-07
0	52	1.29E-06
0	53	8.63E-07
0	54	7.59E-07
0	55	8.78E-07
0	56	7.48E-07
0	57	5.69E-07
0	58	5.36E-07
0	59	5.71E-07
0	60	6.19E-07
0	61	7.46E-07
0	62	2.81E-07
0	63	3.11E-07
0	64	3.11E-07
0	65	4.52E-07
0	66	1.43E-06
0	67	8.76E-07
0	68	7.04E-07
0	69	1.26E-06
0	70	4.78E-07
0	71	9.45E-07
0	72	7.85E-07
0	73	6.87E-07
0	74	7.08E-07
0	75	7.76E-07
0	76	6.99E-07
0	77	4.4E-07
0	78	3.06E-07
0	79	3.4E-07
0	80	5.79E-07
0	81	1.67E-06
0	82	9.17E-07
0	83	6.84E-07
0	84	6.9E-07
0	85	9.02E-07
0	86	9.52E-07
0	87	7.58E-07
0	88	6.84E-07
0	89	7.5E-07
0	90	8.03E-07
0	91	6.15E-07
0	92	3.71E-07
0	93	2.99E-07
0	94	3.64E-07
0	95	7.76E-07
0	96	1.61E-06
0	97	1.21E-06
0	98	7.27E-07
0	99	6.08E-07
0	100	7.86E-07
0	101	9.84E-07
0	102	8.22E-07
0	103	6.96E-07
0	104	6.57E-07
0	105	7.37E-07
0	106	7.53E-07
0	107	4.75E-07
0	108	2.91E-07
0	109	2.75E-07
0	110	4.41E-07
0	111	7.73E-07
0	112	1.37E-06
0	113	8.86E-07
0	114	6.53E-07
0	115	6.15E-07
0	116	8.59E-07
0	117	8.86E-07
0	118	7.38E-07
0	119	6.34E-07
0	120	6.39E-07
0	121	7.4E-07
0	122	6.02E-07
0	123	3.43E-07
0	124	2.84E-07
0	125	3.7E-07
0	126	6.47E-07
0	127	1.18E-06
0	128	8.69E-07
0	129	6.73E-07
0	130	7.15E-07
0	131	7.94E-07
0	132	7.17E-07
0	133	6.04E-07
0	134	5.18E-07
0	135	5.24E-07
0	136	5.18E-07
0	137	3.63E-07
0	138	2.74E-07
0	139	3.37E-07
0	140	4.37E-07
0	141	1.13E-06
0	142	1.31E-06
0	143	4.8E-07
0	144	5.94E-07
0	145	5.52E-07
0	146	5.68E-07
0	147	4.81E-07
0	148	3.92E-07
0	149	3.45E-07
0	150	3.41E-07
0	151	2.91E-07
0	152	2.4E-07
0	153	5.04E-07
0	154	1.91E-07
0	155	3.59E-07
0	156	1.09E-06
0	157	7.95E-07
0	158	5.72E-07
0	159	4.5E-07
0	160	3.85E-07
0	161	2.96E-07
0	162	3.89E-07
0	163	1.45E-07
0	164	2.31E-07
0	165	2.18E-07
0	166	2.09E-07
0	167	2.68E-07
0	168	3.35E-07
0	169	1.01E-06
0	170	7.72E-07
0	171	5.25E-07
0	172	3.83E-07
0	173	2.86E-07
0	174	2.27E-07
0	175	2.24E-07
0	176	2.09E-07
0	177	2.27E-07
0	178	2.89E-07
0	179	4.2E-07
0	180	1.25E-06
0	181	9.11E-07
0	182	5.69E-07
0	183	3.88E-07
0	184	2.68E-07
0	185	2.89E-07
0	186	3.06E-07
0	187	3.1E-07
0	188	4.02E-07
0	189	5.97E-07
0	190	1.5E-06
0	191	1.37E-06
0	192	8.45E-07
0	193	6.38E-07
0	194	5.6E-07
0	195	5.79E-07
0	196	5.93E-07
0	197	8.3E-07
0	198	9.21E-07
0	199	1.02E-05
100	0	1.47E-07
100	1	5.33E-10
100	2	5.27E-10
100	3	4.59E-10
100	4	4.4E-10
100	5	4.44E-10
100	6	4.69E-10
100	7	5.41E-10
100	8	5.66E-10
100	9	8.51E-10
100	10	7.37E-10
100	11	5.71E-10
100	12	5.49E-10
100	13	4.78E-10
100	14	1.28E-10
100	15	5.55E-10
100	16	5.74E-10
100	17	6.43E-10
100	18	9.06E-10
100	19	8.24E-10
100	20	7.48E-10
100	21	5.61E-10
100	22	5.24E-10
100	23	5.25E-10
100	24	5.24E-10
100	25	5.26E-10
100	26	5.39E-10
100	27	5.75E-10
100	28	7.4E-10
100	29	8.11E-10
100	30	8.45E-10
100	31	6.34E-10
100	32	5.27E-10
100	33	5.19E-10
100	34	5.01E-10
100	35	5.04E-10
100	36	5E-10
100	37	5.18E-10
100	38	5.52E-10
100	39	6.36E-10
100	40	7.34E-10
100	41	7.55E-10
100	42	7.44E-10
100	43	6.06E-10
100	44	6.89E-10
100	45	6.12E-10
100	46	5.05E-10
100	47	4.93E-10
100	48	5.08E-10
100	49	5.16E-10
100	50	5.41E-10
100	51	6.52E-10
100	52	7.34E-10
100	53	7.01E-10
100	54	7.15E-10
100	55	9.25E-10
100	56	2.74E-09
100	57	3.51E-09
100	58	8.84E-10
100	59	5.17E-10
100	60	4.91E-10
100	61	4.47E-10
100	62	1.3E-10
100	63	5.15E-10
100	64	5.4E-10
100	65	6.58E-10
100	66	7.07E-10
100	67	5.74E-10
100	68	5.7E-10
100	69	6.04E-10
100	70	1.78E-10
100	71	5.7E-09
100	72	8.05E-09
100	73	2.81E-09
100	74	6E-10
100	75	5.18E-10
100	76	4.96E-10
100	77	5E-10
100	78	5.11E-10
100	79	5.32E-10
100	80	6.74E-10
100	81	7.78E-10
100	82	5.73E-10
100	83	5.33E-10
100	84	5.23E-10
100	85	9.68E-10
100	86	4.02E-09
100	87	2.83E-09
100	88	6.94E-10
100	89	5.24E-10
100	90	5.08E-10
100	91	4.98E-10
100	92	5.04E-10
100	93	5.25E-10
100	94	5.45E-10
100	95	7.03E-10
100	96	4.77E-10
100	97	6.25E-10
100	98	5.52E-10
100	99	5.25E-10
100	100	5.22E-10
100	101	6.12E-10
100	102	7.12E-10
100	103	5.92E-10
100	104	5.34E-10
100	105	5.22E-10
100	106	5.05E-10
100	107	5.1E-10
100	108	5.12E-10
100	109	5.27E-10
100	110	5.78E-10
100	111	4.26E-10
100	112	5.56E-10
100	113	5.94E-10
100	114	5.45E-10
100	115	5.34E-10
100	116	5.17E-10
100	117	5.21E-10
100	118	5.44E-10
100	119	5.32E-10
100	120	5.25E-10
100	121	5.01E-10
100	122	4.91E-10
100	123	4.98E-10
100	124	5.1E-10
100	125	5.4E-10
100	126	4.9E-10
100	127	5.19E-10
100	128	5.93E-10
100	129	5.48E-10
100	130	5.25E-10
100	131	5.17E-10
100	132	5.17E-10
100	133	5.2E-10
100	134	5.2E-10
100	135	5.05E-10
100	136	5.05E-10
100	137	5.05E-10
100	138	5.11E-10
100	139	5.39E-10
100	140	4.44E-10
100	141	5.34E-10
100	142	5.11E-10
100	143	1.47E-10
100	144	5.57E-10
100	145	5.45E-10
100	146	5.26E-10
100	147	5.17E-10
100	148	5.15E-10
100	149	5.15E-10
100	150	5.09E-10
100	151	5.1E-10
100	152	5.19E-10
100	153	4.68E-10
100	154	1.27E-10
100	155	4.55E-10
100	156	5.47E-10
100	157	6.32E-10
100	158	5.83E-10
100	159	5.52E-10
100	160	5.59E-10
100	161	5.21E-10
100	162	4.56E-10
100	163	1.24E-10
100	164	5.23E-10
100	165	5.24E-10
100	166	5.28E-10
100	167	5.43E-10
100	168	4.52E-10
100	169	5.7E-10
100	170	6.82E-10
100	171	6.1E-10
100	172	5.82E-10
100	173	5.49E-10
100	174	5.47E-10
100	175	5.35E-10
100	176	5.38E-10
100	177	5.35E-10
100	178	5.64E-10
100	179	4.77E-10
100	180	6.46E-10
100	181	7.61E-10
100	182	6.6E-10
100	183	6.02E-10
100	184	5.83E-10
100	185	5.69E-10
100	186	5.63E-10
100	187	5.56E-10
100	188	5.82E-10
100	189	4.91E-10
100	190	5.94E-10
100	191	9.67E-10
100	192	7.85E-10
100	193	7.03E-10
100	194	6.61E-10
100	195	6.64E-10
100	196	6.57E-10
100	197	6.93E-10
100	198	4.26E-10
100	199	1.75E-08
200	0	1.76E-07
200	1	6.39E-10
200	2	6.51E-10
200	3	5.85E-10
200	4	5.59E-10
200	5	5.78E-10
200	6	5.88E-10
200	7	6.61E-10
200	8	6.81E-10
200	9	1.03E-09
200	10	8.74E-10
200	11	7.02E-10
200	12	6.9E-10
200	13	6.51E-10
200	14	1.83E-10
200	15	6.95E-10
200	16	7.11E-10
200	17	7.9E-10
200	18	1.09E-09
200	19	9.78E-10
200	20	8.79E-10
200	21	6.89E-10
200	22	6.54E-10
200	23	6.52E-10
200	24	6.57E-10
200	25	6.67E-10
200	26	6.69E-10
200	27	7.21E-10
200	28	9.46E-10
200	29	9.7E-10
200	30	1E-09
200	31	7.73E-10
200	32	6.48E-10
200	33	6.54E-10
200	34	6.47E-10
200	35	6.48E-10
200	36	6.42E-10
200	37	6.58E-10
200	38	6.77E-10
200	39	7.94E-10
200	40	8.94E-10
200	41	9.22E-10
200	42	9.02E-10
200	43	7.53E-10
200	44	8.53E-10
200	45	7.71E-10
200	46	6.48E-10
200	47	6.43E-10
200	48	6.53E-10
200	49	6.6E-10
200	50	6.86E-10
200	51	8.01E-10
200	52	8.76E-10
200	53	8.91E-10
200	54	8.6E-10
200	55	1.1E-09
200	56	3.14E-09
200	57	4E-09
200	58	1.06E-09
200	59	6.5E-10
200	60	6.32E-10
200	61	6.11E-10
200	62	1.69E-10
200	63	6.49E-10
200	64	6.77E-10
200	65	8.1E-10
200	66	8.49E-10
200	67	6.88E-10
200	68	7E-10
200	69	7.7E-10
200	70	2.48E-10
200	71	6.44E-09
200	72	9.11E-09
200	73	3.2E-09
200	74	7.39E-10
200	75	6.38E-10
200	76	6.17E-10
200	77	6.3E-10
200	78	6.45E-10
200	79	6.74E-10
200	80	8.31E-10
200	81	9.18E-10
200	82	7.02E-10
200	83	6.71E-10
200	84	6.64E-10
200	85	1.16E-09
200	86	4.57E-09
200	87	3.25E-09
200	88	8.44E-10
200	89	6.58E-10
200	90	6.42E-10
200	91	6.22E-10
200	92	6.29E-10
200	93	6.56E-10
200	94	6.81E-10
200	95	8.69E-10
200	96	5.86E-10
200	97	7.53E-10
200	98	6.74E-10
200	99	6.52E-10
200	100	6.46E-10
200	101	7.42E-10
200	102	8.47E-10
200	103	7.21E-10
200	104	6.71E-10
200	105	6.37E-10
200	106	6.3E-10
200	107	6.4E-10
200	108	6.43E-10
200	109	6.57E-10
200	110	7.08E-10
200	111	5.49E-10
200	112	6.76E-10
200	113	7.09E-10
200	114	6.65E-10
200	115	6.48E-10
200	116	6.39E-10
200	117	6.42E-10
200	118	6.71E-10
200	119	6.74E-10
200	120	6.56E-10
200	121	6.35E-10
200	122	6.29E-10
200	123	6.4E-10
200	124	6.54E-10
200	125	6.82E-10
200	126	6.14E-10
200	127	6.43E-10
200	128	7.22E-10
200	129	6.75E-10
200	130	6.57E-10
200	131	6.5E-10
200	132	6.49E-10
200	133	6.48E-10
200	134	6.47E-10
200	135	6.32E-10
200	136	6.3E-10
200	137	6.38E-10
200	138	6.43E-10
200	139	6.72E-10
200	140	5.7E-10
200	141	6.49E-10
200	142	6.68E-10
200	143	1.89E-10
200	144	6.86E-10
200	145	7.02E-10
200	146	6.56E-10
200	147	6.57E-10
200	148	6.48E-10
200	149	6.42E-10
200	150	6.37E-10
200	151	6.45E-10
200	152	6.52E-10
200	153	6.31E-10
200	154	1.75E-10
200	155	5.65E-10
200	156	6.56E-10
200	157	7.68E-10
200	158	7.1E-10
200	159	6.8E-10
200	160	6.82E-10
200	161	6.67E-10
200	162	6.27E-10
200	163	1.68E-10
200	164	6.57E-10
200	165	6.58E-10
200	166	6.61E-10
200	167	6.85E-10
200	168	5.82E-10
200	169	6.97E-10
200	170	8.27E-10
200	171	7.52E-10
200	172	7.15E-10
200	173	6.84E-10
200	174	6.83E-10
200	175	6.71E-10
200	176	6.71E-10
200	177	6.75E-10
200	178	6.98E-10
200	179	5.9E-10
200	180	7.73E-10
200	181	8.99E-10
200	182	8.01E-10
200	183	7.48E-10
200	184	7.12E-10
200	185	7.02E-10
200	186	6.96E-10
200	187	6.96E-10
200	188	7.17E-10
200	189	6.11E-10
200	190	7.19E-10
200	191	1.14E-09
200	192	9.37E-10
200	193	8.64E-10
200	194	8.04E-10
200	195	8.11E-10
200	196	8E-10
200	197	8.47E-10
200	198	5.39E-10
200	199	2.67E-08
300	0	2.18E-07
300	1	7.82E-10
300	2	7.96E-10
300	3	7.19E-10
300	4	6.98E-10
300	5	6.99E-10
300	6	7.28E-10
300	7	8.09E-10
300	8	8.15E-10
300	9	2.48E-09
300	10	1.06E-09
300	11	8.82E-10
300	12	8.58E-10
300	13	8.1E-10
300	14	2.41E-10
300	15	8.53E-10
300	16	8.77E-10
300	17	9.51E-10
300	18	1.27E-09
300	19	1.18E-09
300	20	1.06E-09
300	21	8.51E-10
300	22	8.13E-10
300	23	8.02E-10
300	24	8.02E-10
300	25	8.09E-10
300	26	8.19E-10
300	27	8.66E-10
300	28	1.14E-09
300	29	1.17E-09
300	30	1.18E-09
300	31	9.39E-10
300	32	8.05E-10
300	33	7.98E-10
300	34	7.9E-10
300	35	7.83E-10
300	36	7.86E-10
300	37	7.99E-10
300	38	8.24E-10
300	39	9.51E-10
300	40	1.08E-09
300	41	1.12E-09
300	42	1.09E-09
300	43	9.33E-10
300	44	1.03E-09
300	45	9.42E-10
300	46	8.14E-10
300	47	8E-10
300	48	8.05E-10
300	49	8.01E-10
300	50	8.36E-10
300	51	9.61E-10
300	52	1.08E-09
300	53	1.12E-09
300	54	1.05E-09
300	55	1.3E-09
300	56	3.41E-09
300	57	4.31E-09
300	58	1.25E-09
300	59	8.02E-10
300	60	7.92E-10
300	61	7.62E-10
300	62	2.28E-10
300	63	7.95E-10
300	64	8.17E-10
300	65	9.83E-10
300	66	1.05E-09
300	67	8.6E-10
300	68	8.64E-10
300	69	9.57E-10
300	70	3.56E-10
300	71	6.84E-09
300	72	9.61E-09
300	73	3.48E-09
300	74	9.12E-10
300	75	8.1E-10
300	76	7.86E-10
300	77	7.74E-10
300	78	7.8E-10
300	79	8.18E-10
300	80	1E-09
300	81	1.16E-09
300	82	8.85E-10
300	83	8.43E-10
300	84	8.38E-10
300	85	1.36E-09
300	86	4.91E-09
300	87	3.53E-09
300	88	1.03E-09
300	89	8.28E-10
300	90	8.11E-10
300	91	7.87E-10
300	92	7.87E-10
300	93	8.17E-10
300	94	8.35E-10
300	95	1.04E-09
300	96	7.13E-10
300	97	9.46E-10
300	98	8.59E-10
300	99	8.18E-10
300	100	8.15E-10
300	101	9.32E-10
300	102	1.05E-09
300	103	8.96E-10
300	104	8.32E-10
300	105	8.13E-10
300	106	7.88E-10
300	107	7.84E-10
300	108	7.91E-10
300	109	8.03E-10
300	110	8.6E-10
300	111	6.39E-10
300	112	8.22E-10
300	113	8.86E-10
300	114	8.41E-10
300	115	8.21E-10
300	116	8.09E-10
300	117	8.07E-10
300	118	8.38E-10
300	119	8.32E-10
300	120	8.08E-10
300	121	8.08E-10
300	122	8.04E-10
300	123	8.02E-10
300	124	8.03E-10
300	125	8.4E-10
300	126	7.42E-10
300	127	7.99E-10
300	128	9.02E-10
300	129	8.45E-10
300	130	8.35E-10
300	131	8.25E-10
300	132	8.24E-10
300	133	8.24E-10
300	134	8.21E-10
300	135	8.01E-10
300	136	7.96E-10
300	137	7.93E-10
300	138	7.95E-10
300	139	8.16E-10
300	140	6.86E-10
300	141	7.96E-10
300	142	8.49E-10
300	143	2.54E-10
300	144	8.54E-10
300	145	8.89E-10
300	146	8.19E-10
300	147	8.11E-10
300	148	8.04E-10
300	149	7.89E-10
300	150	7.87E-10
300	151	7.85E-10
300	152	7.9E-10
300	153	7.81E-10
300	154	2.37E-10
300	155	6.86E-10
300	156	8.11E-10
300	157	9.31E-10
300	158	8.67E-10
300	159	8.34E-10
300	160	8.26E-10
300	161	8.32E-10
300	162	7.91E-10
300	163	2.39E-10
300	164	8.1E-10
300	165	8.22E-10
300	166	8.2E-10
300	167	8.39E-10
300	168	7.06E-10
300	169	8.43E-10
300	170	1.01E-09
300	171	9.26E-10
300	172	8.73E-10
300	173	8.43E-10
300	174	8.28E-10
300	175	8.22E-10
300	176	8.14E-10
300	177	8.2E-10
300	178	8.42E-10
300	179	7.14E-10
300	180	9.21E-10
300	181	1.08E-09
300	182	9.66E-10
300	183	9.08E-10
300	184	8.73E-10
300	185	8.57E-10
300	186	8.49E-10
300	187	8.48E-10
300	188	8.66E-10
300	189	7.28E-10
300	190	8.43E-10
300	191	1.34E-09
300	192	1.13E-09
300	193	1.04E-09
300	194	9.75E-10
300	195	9.8E-10
300	196	9.71E-10
300	197	1.02E-09
300	198	6.43E-10
300	199	3.26E-08
400	0	2.72E-07
400	1	9.16E-10
400	2	9.71E-10
400	3	8.71E-10
400	4	8.63E-10
400	5	8.69E-10
400	6	8.86E-10
400	7	9.69E-10
400	8	9.46E-10
400	9	3.14E-09
400	10	1.31E-09
400	11	1.1E-09
400	12	1.07E-09
400	13	9.74E-10
400	14	2.94E-10
400	15	1.07E-09
400	16	1.09E-09
400	17	1.17E-09
400	18	1.51E-09
400	19	1.43E-09
400	20	1.3E-09
400	21	1.08E-09
400	22	1.03E-09
400	23	1.01E-09
400	24	1.01E-09
400	25	1.02E-09
400	26	1.04E-09
400	27	1.08E-09
400	28	1.39E-09
400	29	1.41E-09
400	30	1.42E-09
400	31	1.17E-09
400	32	1.03E-09
400	33	1.02E-09
400	34	1E-09
400	35	1E-09
400	36	9.96E-10
400	37	9.99E-10
400	38	1.03E-09
400	39	1.17E-09
400	40	1.32E-09
400	41	1.35E-09
400	42	1.33E-09
400	43	1.16E-09
400	44	1.28E-09
400	45	1.18E-09
400	46	1.04E-09
400	47	1.03E-09
400	48	1.03E-09
400	49	1.02E-09
400	50	1.05E-09
400	51	1.19E-09
400	52	1.32E-09
400	53	1.41E-09
400	54	1.28E-09
400	55	1.54E-09
400	56	3.78E-09
400	57	4.72E-09
400	58	1.52E-09
400	59	1.05E-09
400	60	1.02E-09
400	61	9.45E-10
400	62	2.9E-10
400	63	1.01E-09
400	64	1.02E-09
400	65	1.2E-09
400	66	1.27E-09
400	67	1.08E-09
400	68	1.09E-09
400	69	1.16E-09
400	70	4.62E-10
400	71	7.39E-09
400	72	1.03E-08
400	73	3.88E-09
400	74	1.17E-09
400	75	1.05E-09
400	76	1.01E-09
400	77	9.98E-10
400	78	9.83E-10
400	79	1.05E-09
400	80	1.26E-09
400	81	1.44E-09
400	82	1.11E-09
400	83	1.06E-09
400	84	1.06E-09
400	85	1.63E-09
400	86	5.37E-09
400	87	3.95E-09
400	88	1.32E-09
400	89	1.08E-09
400	90	1.06E-09
400	91	1.02E-09
400	92	1.01E-09
400	93	1.06E-09
400	94	1.05E-09
400	95	1.27E-09
400	96	8.42E-10
400	97	1.22E-09
400	98	1.12E-09
400	99	1.04E-09
400	100	1.05E-09
400	101	1.17E-09
400	102	1.32E-09
400	103	1.16E-09
400	104	1.09E-09
400	105	1.06E-09
400	106	1.02E-09
400	107	1.02E-09
400	108	1.03E-09
400	109	1.02E-09
400	110	1.08E-09
400	111	7.63E-10
400	112	9.89E-10
400	113	1.11E-09
400	114	1.09E-09
400	115	1.07E-09
400	116	1.05E-09
400	117	1.04E-09
400	118	1.09E-09
400	119	1.08E-09
400	120	1.05E-09
400	121	1.06E-09
400	122	1.05E-09
400	123	1.01E-09
400	124	1.02E-09
400	125	1.05E-09
400	126	9.02E-10
400	127	9.6E-10
400	128	1.13E-09
400	129	1.07E-09
400	130	1.06E-09
400	131	1.08E-09
400	132	1.08E-09
400	133	1.08E-09
400	134	1.07E-09
400	135	1.04E-09
400	136	1.01E-09
400	137	1E-09
400	138	1.01E-09
400	139	1.03E-09
400	140	8.39E-10
400	141	9.56E-10
400	142	1.03E-09
400	143	3.18E-10
400	144	1.08E-09
400	145	1.14E-09
400	146	1.04E-09
400	147	1.05E-09
400	148	1.03E-09
400	149	1.02E-09
400	150	9.97E-10
400	151	9.94E-10
400	152	9.98E-10
400	153	9.53E-10
400	154	2.9E-10
400	155	8.39E-10
400	156	9.75E-10
400	157	1.16E-09
400	158	1.09E-09
400	159	1.05E-09
400	160	1.05E-09
400	161	1.05E-09
400	162	9.63E-10
400	163	2.95E-10
400	164	1.03E-09
400	165	1.02E-09
400	166	1.09E-09
400	167	1.05E-09
400	168	8.65E-10
400	169	1.01E-09
400	170	1.22E-09
400	171	1.14E-09
400	172	1.09E-09
400	173	1.07E-09
400	174	1.05E-09
400	175	1.03E-09
400	176	1.03E-09
400	177	1.04E-09
400	178	1.05E-09
400	179	8.6E-10
400	180	1.1E-09
400	181	1.31E-09
400	182	1.18E-09
400	183	1.12E-09
400	184	1.09E-09
400	185	1.06E-09
400	186	1.05E-09
400	187	1.05E-09
400	188	1.08E-09
400	189	8.87E-10
400	190	9.83E-10
400	191	1.59E-09
400	192	1.36E-09
400	193	1.26E-09
400	194	1.2E-09
400	195	1.21E-09
400	196	1.18E-09
400	197	1.24E-09
400	198	7.66E-10
400	199	3.35E-08
500	0	3.4E-07
500	1	1.07E-09
500	2	1.18E-09
500	3	1.07E-09
500	4	1.06E-09
500	5	1.07E-09
500	6	1.07E-09
500	7	1.18E-09
500	8	1.1E-09
500	9	3.87E-09
500	10	1.6E-09
500	11	1.38E-09
500	12	1.34E-09
500	13	1.2E-09
500	14	3.62E-10
500	15	1.34E-09
500	16	1.36E-09
500	17	1.46E-09
500	18	1.81E-09
500	19	1.72E-09
500	20	1.58E-09
500	21	1.35E-09
500	22	1.31E-09
500	23	1.3E-09
500	24	1.29E-09
500	25	1.3E-09
500	26	1.3E-09
500	27	1.35E-09
500	28	1.72E-09
500	29	1.72E-09
500	30	1.71E-09
500	31	1.46E-09
500	32	1.3E-09
500	33	1.3E-09
500	34	1.3E-09
500	35	1.29E-09
500	36	1.29E-09
500	37	1.28E-09
500	38	1.3E-09
500	39	1.47E-09
500	40	1.62E-09
500	41	1.65E-09
500	42	1.62E-09
500	43	1.46E-09
500	44	1.59E-09
500	45	1.49E-09
500	46	1.33E-09
500	47	1.31E-09
500	48	1.31E-09
500	49	1.3E-09
500	50	1.32E-09
500	51	1.48E-09
500	52	1.62E-09
500	53	1.76E-09
500	54	1.57E-09
500	55	1.86E-09
500	56	4.24E-09
500	57	5.26E-09
500	58	1.86E-09
500	59	1.35E-09
500	60	1.32E-09
500	61	1.17E-09
500	62	3.57E-10
500	63	1.29E-09
500	64	1.29E-09
500	65	1.49E-09
500	66	1.56E-09
500	67	1.36E-09
500	68	1.37E-09
500	69	1.4E-09
500	70	5.97E-10
500	71	8.07E-09
500	72	1.12E-08
500	73	4.38E-09
500	74	1.51E-09
500	75	1.37E-09
500	76	1.31E-09
500	77	1.28E-09
500	78	1.27E-09
500	79	1.36E-09
500	80	1.63E-09
500	81	1.79E-09
500	82	1.38E-09
500	83	1.34E-09
500	84	1.35E-09
500	85	1.96E-09
500	86	5.95E-09
500	87	4.45E-09
500	88	1.67E-09
500	89	1.4E-09
500	90	1.37E-09
500	91	1.32E-09
500	92	1.28E-09
500	93	1.42E-09
500	94	1.33E-09
500	95	1.56E-09
500	96	1E-09
500	97	1.58E-09
500	98	1.45E-09
500	99	1.31E-09
500	100	1.34E-09
500	101	1.48E-09
500	102	1.66E-09
500	103	1.51E-09
500	104	1.42E-09
500	105	1.38E-09
500	106	1.32E-09
500	107	1.36E-09
500	108	1.34E-09
500	109	1.3E-09
500	110	1.36E-09
500	111	9.15E-10
500	112	1.2E-09
500	113	1.39E-09
500	114	1.42E-09
500	115	1.4E-09
500	116	1.35E-09
500	117	1.35E-09
500	118	1.41E-09
500	119	1.39E-09
500	120	1.36E-09
500	121	1.39E-09
500	122	1.37E-09
500	123	1.3E-09
500	124	1.29E-09
500	125	1.33E-09
500	126	1.11E-09
500	127	1.16E-09
500	128	1.4E-09
500	129	1.36E-09
500	130	1.36E-09
500	131	1.4E-09
500	132	1.42E-09
500	133	1.42E-09
500	134	1.39E-09
500	135	1.35E-09
500	136	1.3E-09
500	137	1.27E-09
500	138	1.28E-09
500	139	1.3E-09
500	140	1.03E-09
500	141	1.17E-09
500	142	1.25E-09
500	143	3.83E-10
500	144	1.36E-09
500	145	1.48E-09
500	146	1.34E-09
500	147	1.36E-09
500	148	1.34E-09
500	149	1.31E-09
500	150	1.28E-09
500	151	1.27E-09
500	152	1.28E-09
500	153	1.16E-09
500	154	3.45E-10
500	155	1.04E-09
500	156	1.18E-09
500	157	1.44E-09
500	158	1.37E-09
500	159	1.34E-09
500	160	1.33E-09
500	161	1.35E-09
500	162	1.19E-09
500	163	3.62E-10
500	164	1.3E-09
500	165	1.3E-09
500	166	2.43E-09
500	167	1.32E-09
500	168	1.07E-09
500	169	1.21E-09
500	170	1.52E-09
500	171	1.43E-09
500	172	1.38E-09
500	173	1.35E-09
500	174	1.33E-09
500	175	1.31E-09
500	176	1.3E-09
500	177	1.33E-09
500	178	1.33E-09
500	179	1.06E-09
500	180	1.32E-09
500	181	1.61E-09
500	182	1.47E-09
500	183	1.39E-09
500	184	1.37E-09
500	185	1.34E-09
500	186	1.33E-09
500	187	1.32E-09
500	188	1.36E-09
500	189	1.09E-09
500	190	1.14E-09
500	191	1.89E-09
500	192	1.66E-09
500	193	1.56E-09
500	194	1.49E-09
500	195	1.52E-09
500	196	1.47E-09
500	197	1.52E-09
500	198	9.1E-10
500	199	3.44E-08
600	0	4.25E-07
600	1	1.27E-09
600	2	1.44E-09
600	3	1.31E-09
600	4	1.31E-09
600	5	1.31E-09
600	6	1.32E-09
600	7	1.43E-09
600	8	1.29E-09
600	9	4.68E-09
600	10	1.95E-09
600	11	1.72E-09
600	12	1.69E-09
600	13	1.47E-09
600	14	4.4E-10
600	15	1.69E-09
600	16	1.71E-09
600	17	1.8E-09
600	18	2.18E-09
600	19	2.08E-09
600	20	1.94E-09
600	21	1.7E-09
600	22	1.65E-09
600	23	1.64E-09
600	24	1.64E-09
600	25	1.64E-09
600	26	1.64E-09
600	27	1.69E-09
600	28	2.1E-09
600	29	2.08E-09
600	30	2.07E-09
600	31	1.8E-09
600	32	1.65E-09
600	33	1.67E-09
600	34	1.66E-09
600	35	1.64E-09
600	36	1.62E-09
600	37	1.62E-09
600	38	1.64E-09
600	39	1.82E-09
600	40	1.98E-09
600	41	2E-09
600	42	1.99E-09
600	43	1.83E-09
600	44	1.98E-09
600	45	1.89E-09
600	46	1.71E-09
600	47	1.69E-09
600	48	1.67E-09
600	49	1.64E-09
600	50	1.66E-09
600	51	1.82E-09
600	52	1.98E-09
600	53	2.18E-09
600	54	1.94E-09
600	55	2.26E-09
600	56	4.8E-09
600	57	5.89E-09
600	58	2.3E-09
600	59	1.76E-09
600	60	1.7E-09
600	61	1.44E-09
600	62	4.35E-10
600	63	1.63E-09
600	64	1.62E-09
600	65	1.86E-09
600	66	1.91E-09
600	67	1.7E-09
600	68	1.72E-09
600	69	1.7E-09
600	70	7.67E-10
600	71	8.88E-09
600	72	1.22E-08
600	73	4.99E-09
600	74	1.93E-09
600	75	1.78E-09
600	76	1.67E-09
600	77	1.64E-09
600	78	1.6E-09
600	79	1.76E-09
600	80	2.06E-09
600	81	2.25E-09
600	82	1.71E-09
600	83	1.69E-09
600	84	1.72E-09
600	85	2.39E-09
600	86	6.64E-09
600	87	5.05E-09
600	88	2.11E-09
600	89	1.82E-09
600	90	1.78E-09
600	91	1.69E-09
600	92	1.63E-09
600	93	1.86E-09
600	94	1.69E-09
600	95	1.91E-09
600	96	1.18E-09
600	97	2.01E-09
600	98	1.89E-09
600	99	1.67E-09
600	100	1.71E-09
600	101	1.89E-09
600	102	2.07E-09
600	103	1.93E-09
600	104	1.83E-09
600	105	1.78E-09
600	106	1.71E-09
600	107	1.79E-09
600	108	1.74E-09
600	109	1.62E-09
600	110	1.69E-09
600	111	1.09E-09
600	112	1.44E-09
600	113	1.74E-09
600	114	1.84E-09
600	115	1.82E-09
600	116	1.74E-09
600	117	1.73E-09
600	118	1.81E-09
600	119	1.8E-09
600	120	1.75E-09
600	121	1.81E-09
600	122	1.79E-09
600	123	1.65E-09
600	124	1.63E-09
600	125	1.66E-09
600	126	1.36E-09
600	127	1.4E-09
600	128	1.75E-09
600	129	1.7E-09
600	130	1.73E-09
600	131	1.81E-09
600	132	1.85E-09
600	133	1.85E-09
600	134	1.82E-09
600	135	1.75E-09
600	136	1.68E-09
600	137	1.63E-09
600	138	1.62E-09
600	139	1.63E-09
600	140	1.26E-09
600	141	1.42E-09
600	142	1.53E-09
600	143	4.66E-10
600	144	1.71E-09
600	145	1.9E-09
600	146	1.71E-09
600	147	1.75E-09
600	148	1.72E-09
600	149	1.69E-09
600	150	1.64E-09
600	151	1.62E-09
600	152	1.61E-09
600	153	1.42E-09
600	154	4.28E-10
600	155	1.27E-09
600	156	1.43E-09
600	157	1.79E-09
600	158	1.72E-09
600	159	1.69E-09
600	160	1.71E-09
600	161	1.72E-09
600	162	1.47E-09
600	163	4.53E-10
600	164	1.66E-09
600	165	1.64E-09
600	166	4.95E-09
600	167	1.65E-09
600	168	1.3E-09
600	169	1.46E-09
600	170	1.87E-09
600	171	1.78E-09
600	172	1.74E-09
600	173	1.71E-09
600	174	1.69E-09
600	175	1.65E-09
600	176	1.65E-09
600	177	1.73E-09
600	178	1.66E-09
600	179	1.29E-09
600	180	1.58E-09
600	181	1.97E-09
600	182	1.82E-09
600	183	1.75E-09
600	184	1.72E-09
600	185	1.68E-09
600	186	1.66E-09
600	187	1.65E-09
600	188	1.69E-09
600	189	1.33E-09
600	190	1.34E-09
600	191	2.27E-09
600	192	2.01E-09
600	193	1.92E-09
600	194	1.84E-09
600	195	2.08E-09
600	196	1.82E-09
600	197	1.87E-09
600	198	1.08E-09
600	199	3.53E-08
700	0	5.19E-07
700	1	1.47E-09
700	2	1.71E-09
700	3	1.58E-09
700	4	1.59E-09
700	5	1.59E-09
700	6	1.6E-09
700	7	1.7E-09
700	8	1.5E-09
700	9	5.23E-09
700	10	2.35E-09
700	11	2.11E-09
700	12	2.07E-09
700	13	1.76E-09
700	14	5.35E-10
700	15	2.08E-09
700	16	2.09E-09
700	17	2.19E-09
700	18	2.58E-09
700	19	2.48E-09
700	20	2.32E-09
700	21	2.08E-09
700	22	2.05E-09
700	23	2.05E-09
700	24	2.05E-09
700	25	2.04E-09
700	26	2.03E-09
700	27	2.06E-09
700	28	2.53E-09
700	29	2.49E-09
700	30	2.49E-09
700	31	2.2E-09
700	32	2.07E-09
700	33	2.09E-09
700	34	2.08E-09
700	35	2.06E-09
700	36	2.04E-09
700	37	2.01E-09
700	38	2.02E-09
700	39	2.21E-09
700	40	2.38E-09
700	41	2.41E-09
700	42	2.42E-09
700	43	2.26E-09
700	44	2.43E-09
700	45	2.36E-09
700	46	2.17E-09
700	47	2.14E-09
700	48	2.08E-09
700	49	2.05E-09
700	50	2.04E-09
700	51	2.22E-09
700	52	2.38E-09
700	53	2.64E-09
700	54	2.36E-09
700	55	2.72E-09
700	56	5.46E-09
700	57	6.64E-09
700	58	2.82E-09
700	59	2.22E-09
700	60	2.15E-09
700	61	1.78E-09
700	62	5.34E-10
700	63	2.03E-09
700	64	1.99E-09
700	65	2.26E-09
700	66	2.3E-09
700	67	2.09E-09
700	68	2.12E-09
700	69	2.05E-09
700	70	9.73E-10
700	71	9.81E-09
700	72	1.34E-08
700	73	5.68E-09
700	74	2.43E-09
700	75	2.25E-09
700	76	2.14E-09
700	77	2.05E-09
700	78	2E-09
700	79	2.21E-09
700	80	2.57E-09
700	81	2.76E-09
700	82	2.1E-09
700	83	2.09E-09
700	84	2.12E-09
700	85	2.89E-09
700	86	7.43E-09
700	87	5.76E-09
700	88	2.61E-09
700	89	2.3E-09
700	90	2.25E-09
700	91	2.14E-09
700	92	2.04E-09
700	93	2.35E-09
700	94	2.08E-09
700	95	2.3E-09
700	96	1.39E-09
700	97	2.52E-09
700	98	2.38E-09
700	99	2.08E-09
700	100	2.15E-09
700	101	2.36E-09
700	102	2.58E-09
700	103	2.41E-09
700	104	2.31E-09
700	105	2.26E-09
700	106	2.16E-09
700	107	2.29E-09
700	108	2.21E-09
700	109	2.01E-09
700	110	2.08E-09
700	111	1.3E-09
700	112	1.73E-09
700	113	2.12E-09
700	114	2.32E-09
700	115	2.33E-09
700	116	2.21E-09
700	117	2.19E-09
700	118	2.31E-09
700	119	2.28E-09
700	120	2.22E-09
700	121	2.33E-09
700	122	2.29E-09
700	123	2.07E-09
700	124	2.02E-09
700	125	2.05E-09
700	126	1.64E-09
700	127	1.68E-09
700	128	2.13E-09
700	129	2.1E-09
700	130	2.17E-09
700	131	2.31E-09
700	132	2.37E-09
700	133	2.35E-09
700	134	2.31E-09
700	135	2.22E-09
700	136	2.11E-09
700	137	2.03E-09
700	138	2.02E-09
700	139	2.01E-09
700	140	1.54E-09
700	141	1.7E-09
700	142	1.83E-09
700	143	5.55E-10
700	144	2.11E-09
700	145	2.41E-09
700	146	2.15E-09
700	147	2.22E-09
700	148	2.19E-09
700	149	2.13E-09
700	150	2.06E-09
700	151	2.02E-09
700	152	2.01E-09
700	153	1.71E-09
700	154	5.18E-10
700	155	1.55E-09
700	156	1.73E-09
700	157	2.19E-09
700	158	2.13E-09
700	159	2.12E-09
700	160	2.13E-09
700	161	2.16E-09
700	162	1.81E-09
700	163	5.46E-10
700	164	2.06E-09
700	165	2.06E-09
700	166	6.14E-09
700	167	2.03E-09
700	168	1.59E-09
700	169	1.74E-09
700	170	2.27E-09
700	171	2.19E-09
700	172	2.15E-09
700	173	2.13E-09
700	174	2.1E-09
700	175	2.06E-09
700	176	2.04E-09
700	177	2.2E-09
700	178	2.04E-09
700	179	1.56E-09
700	180	1.88E-09
700	181	2.37E-09
700	182	2.21E-09
700	183	2.15E-09
700	184	2.11E-09
700	185	2.07E-09
700	186	2.05E-09
700	187	2.04E-09
700	188	2.07E-09
700	189	1.6E-09
700	190	1.55E-09
700	191	2.69E-09
700	192	2.42E-09
700	193	2.33E-09
700	194	2.24E-09
700	195	2.87E-09
700	196	2.2E-09
700	197	2.25E-09
700	198	1.28E-09
700	199	3.63E-08
800	0	6.21E-07
800	1	1.7E-09
800	2	2.01E-09
800	3	1.87E-09
800	4	1.89E-09
800	5	1.89E-09
800	6	1.89E-09
800	7	2.01E-09
800	8	1.73E-09
800	9	5.94E-09
800	10	2.77E-09
800	11	2.53E-09
800	12	2.5E-09
800	13	2.11E-09
800	14	6.34E-10
800	15	2.5E-09
800	16	2.52E-09
800	17	2.6E-09
800	18	3.02E-09
800	19	2.92E-09
800	20	2.76E-09
800	21	2.51E-09
800	22	2.49E-09
800	23	2.49E-09
800	24	2.5E-09
800	25	2.49E-09
800	26	2.46E-09
800	27	2.48E-09
800	28	2.99E-09
800	29	2.95E-09
800	30	2.93E-09
800	31	2.65E-09
800	32	2.53E-09
800	33	2.57E-09
800	34	2.54E-09
800	35	2.53E-09
800	36	2.49E-09
800	37	2.46E-09
800	38	2.43E-09
800	39	2.64E-09
800	40	2.83E-09
800	41	2.86E-09
800	42	2.89E-09
800	43	2.73E-09
800	44	2.94E-09
800	45	2.89E-09
800	46	2.68E-09
800	47	2.62E-09
800	48	2.56E-09
800	49	2.5E-09
800	50	2.46E-09
800	51	2.66E-09
800	52	2.84E-09
800	53	3.15E-09
800	54	2.83E-09
800	55	3.24E-09
800	56	6.18E-09
800	57	7.43E-09
800	58	3.4E-09
800	59	2.75E-09
800	60	2.65E-09
800	61	2.14E-09
800	62	6.42E-10
800	63	2.48E-09
800	64	2.41E-09
800	65	2.7E-09
800	66	2.72E-09
800	67	2.51E-09
800	68	2.57E-09
800	69	2.44E-09
800	70	1.23E-09
800	71	1.08E-08
800	72	1.46E-08
800	73	6.45E-09
800	74	2.98E-09
800	75	2.79E-09
800	76	2.64E-09
800	77	2.53E-09
800	78	2.44E-09
800	79	2.7E-09
800	80	3.14E-09
800	81	3.32E-09
800	82	2.52E-09
800	83	2.52E-09
800	84	2.59E-09
800	85	3.45E-09
800	86	8.3E-09
800	87	6.52E-09
800	88	3.18E-09
800	89	2.85E-09
800	90	2.78E-09
800	91	2.64E-09
800	92	2.51E-09
800	93	2.93E-09
800	94	2.51E-09
800	95	2.74E-09
800	96	1.62E-09
800	97	3.08E-09
800	98	2.93E-09
800	99	2.54E-09
800	100	2.65E-09
800	101	2.88E-09
800	102	3.13E-09
800	103	2.96E-09
800	104	2.84E-09
800	105	2.79E-09
800	106	2.68E-09
800	107	2.86E-09
800	108	2.73E-09
800	109	2.44E-09
800	110	2.5E-09
800	111	1.52E-09
800	112	2.04E-09
800	113	2.54E-09
800	114	2.89E-09
800	115	2.9E-09
800	116	2.73E-09
800	117	2.7E-09
800	118	2.83E-09
800	119	2.82E-09
800	120	2.75E-09
800	121	2.9E-09
800	122	2.85E-09
800	123	2.52E-09
800	124	2.47E-09
800	125	2.48E-09
800	126	1.94E-09
800	127	1.98E-09
800	128	2.56E-09
800	129	2.55E-09
800	130	2.66E-09
800	131	2.86E-09
800	132	2.93E-09
800	133	2.91E-09
800	134	2.87E-09
800	135	2.76E-09
800	136	2.61E-09
800	137	2.5E-09
800	138	2.46E-09
800	139	2.43E-09
800	140	1.82E-09
800	141	2.01E-09
800	142	2.16E-09
800	143	6.56E-10
800	144	2.55E-09
800	145	2.99E-09
800	146	2.64E-09
800	147	2.74E-09
800	148	2.7E-09
800	149	2.63E-09
800	150	2.54E-09
800	151	2.48E-09
800	152	2.44E-09
800	153	2.03E-09
800	154	6.13E-10
800	155	1.85E-09
800	156	2.04E-09
800	157	2.61E-09
800	158	2.58E-09
800	159	2.59E-09
800	160	2.61E-09
800	161	2.64E-09
800	162	2.16E-09
800	163	6.56E-10
800	164	2.53E-09
800	165	2.5E-09
800	166	7.14E-09
800	167	2.44E-09
800	168	1.88E-09
800	169	2.05E-09
800	170	2.7E-09
800	171	2.63E-09
800	172	2.59E-09
800	173	2.58E-09
800	174	2.55E-09
800	175	2.5E-09
800	176	2.47E-09
800	177	2.75E-09
800	178	2.46E-09
800	179	1.84E-09
800	180	2.19E-09
800	181	2.82E-09
800	182	2.66E-09
800	183	2.58E-09
800	184	2.54E-09
800	185	2.49E-09
800	186	2.46E-09
800	187	2.45E-09
800	188	2.49E-09
800	189	1.89E-09
800	190	1.8E-09
800	191	3.14E-09
800	192	2.86E-09
800	193	2.78E-09
800	194	2.68E-09
800	195	3.38E-09
800	196	2.63E-09
800	197	2.68E-09
800	198	1.5E-09
800	199	3.73E-08
900	0	7.29E-07
900	1	1.94E-09
900	2	2.34E-09
900	3	2.17E-09
900	4	2.21E-09
900	5	2.22E-09
900	6	2.19E-09
900	7	2.33E-09
900	8	1.97E-09
900	9	7.01E-09
900	10	3.23E-09
900	11	2.99E-09
900	12	2.95E-09
900	13	2.46E-09
900	14	7.39E-10
900	15	2.94E-09
900	16	2.96E-09
900	17	3.05E-09
900	18	3.48E-09
900	19	3.39E-09
900	20	3.22E-09
900	21	2.96E-09
900	22	2.96E-09
900	23	2.98E-09
900	24	2.99E-09
900	25	2.95E-09
900	26	2.92E-09
900	27	2.93E-09
900	28	3.48E-09
900	29	3.42E-09
900	30	3.42E-09
900	31	3.13E-09
900	32	3.04E-09
900	33	3.07E-09
900	34	3.06E-09
900	35	3.03E-09
900	36	2.99E-09
900	37	2.91E-09
900	38	2.88E-09
900	39	3.1E-09
900	40	3.3E-09
900	41	3.33E-09
900	42	3.37E-09
900	43	3.24E-09
900	44	3.49E-09
900	45	3.46E-09
900	46	3.23E-09
900	47	3.16E-09
900	48	3.05E-09
900	49	2.97E-09
900	50	2.9E-09
900	51	3.11E-09
900	52	3.31E-09
900	53	3.68E-09
900	54	3.33E-09
900	55	3.79E-09
900	56	6.93E-09
900	57	8.27E-09
900	58	4.01E-09
900	59	3.33E-09
900	60	3.19E-09
900	61	2.54E-09
900	62	7.69E-10
900	63	2.96E-09
900	64	2.86E-09
900	65	3.18E-09
900	66	3.17E-09
900	67	2.96E-09
900	68	3.06E-09
900	69	2.86E-09
900	70	1.51E-09
900	71	1.18E-08
900	72	1.58E-08
900	73	7.25E-09
900	74	3.58E-09
900	75	3.36E-09
900	76	3.19E-09
900	77	3.04E-09
900	78	2.91E-09
900	79	3.26E-09
900	80	3.75E-09
900	81	3.93E-09
900	82	2.98E-09
900	83	3E-09
900	84	3.1E-09
900	85	4.06E-09
900	86	9.2E-09
900	87	7.33E-09
900	88	3.78E-09
900	89	3.45E-09
900	90	3.35E-09
900	91	3.18E-09
900	92	2.99E-09
900	93	3.55E-09
900	94	2.97E-09
900	95	3.19E-09
900	96	1.85E-09
900	97	3.69E-09
900	98	3.52E-09
900	99	3.02E-09
900	100	3.15E-09
900	101	3.45E-09
900	102	3.74E-09
900	103	3.54E-09
900	104	3.42E-09
900	105	3.36E-09
900	106	3.23E-09
900	107	3.49E-09
900	108	3.3E-09
900	109	2.89E-09
900	110	2.95E-09
900	111	1.75E-09
900	112	2.36E-09
900	113	3.01E-09
900	114	3.48E-09
900	115	3.5E-09
900	116	3.31E-09
900	117	3.25E-09
900	118	3.39E-09
900	119	3.41E-09
900	120	3.32E-09
900	121	3.53E-09
900	122	3.47E-09
900	123	3.02E-09
900	124	2.94E-09
900	125	2.91E-09
900	126	2.25E-09
900	127	2.29E-09
900	128	3.01E-09
900	129	3.03E-09
900	130	3.19E-09
900	131	3.46E-09
900	132	3.56E-09
900	133	3.53E-09
900	134	3.49E-09
900	135	3.33E-09
900	136	3.14E-09
900	137	2.98E-09
900	138	2.93E-09
900	139	2.87E-09
900	140	2.12E-09
900	141	2.34E-09
900	142	2.53E-09
900	143	7.55E-10
900	144	3.03E-09
900	145	3.63E-09
900	146	3.18E-09
900	147	3.3E-09
900	148	3.26E-09
900	149	3.16E-09
900	150	3.05E-09
900	151	2.97E-09
900	152	2.91E-09
900	153	2.38E-09
900	154	7.18E-10
900	155	2.18E-09
900	156	2.37E-09
900	157	3.08E-09
900	158	3.06E-09
900	159	3.08E-09
900	160	3.12E-09
900	161	3.16E-09
900	162	2.56E-09
900	163	7.74E-10
900	164	3.02E-09
900	165	2.98E-09
900	166	8.36E-09
900	167	2.89E-09
900	168	2.19E-09
900	169	2.37E-09
900	170	3.18E-09
900	171	3.09E-09
900	172	3.08E-09
900	173	3.07E-09
900	174	3.04E-09
900	175	2.97E-09
900	176	2.95E-09
900	177	3.34E-09
900	178	2.91E-09
900	179	2.14E-09
900	180	2.53E-09
900	181	3.3E-09
900	182	3.12E-09
900	183	3.04E-09
900	184	2.99E-09
900	185	2.95E-09
900	186	2.92E-09
900	187	2.9E-09
900	188	2.91E-09
900	189	2.22E-09
900	190	2.04E-09
900	191	3.63E-09
900	192	3.32E-09
900	193	3.25E-09
900	194	3.16E-09
900	195	3.81E-09
900	196	3.06E-09
900	197	3.13E-09
900	198	1.73E-09
900	199	3.85E-08
1000	0	8.44E-07
1000	1	2.18E-09
1000	2	2.66E-09
1000	3	2.49E-09
1000	4	2.55E-09
1000	5	2.55E-09
1000	6	2.52E-09
1000	7	2.66E-09
1000	8	2.22E-09
1000	9	7.63E-09
1000	10	3.71E-09
1000	11	3.44E-09
1000	12	3.41E-09
1000	13	2.81E-09
1000	14	8.47E-10
1000	15	3.42E-09
1000	16	3.44E-09
1000	17	3.52E-09
1000	18	3.98E-09
1000	19	3.87E-09
1000	20	3.69E-09
1000	21	3.44E-09
1000	22	3.46E-09
1000	23	3.47E-09
1000	24	3.48E-09
1000	25	3.45E-09
1000	26	3.4E-09
1000	27	3.4E-09
1000	28	3.99E-09
1000	29	3.93E-09
1000	30	3.9E-09
1000	31	3.63E-09
1000	32	3.56E-09
1000	33	3.6E-09
1000	34	3.58E-09
1000	35	3.56E-09
1000	36	3.5E-09
1000	37	3.41E-09
1000	38	3.36E-09
1000	39	3.6E-09
1000	40	3.81E-09
1000	41	3.83E-09
1000	42	3.91E-09
1000	43	3.79E-09
1000	44	4.08E-09
1000	45	4.05E-09
1000	46	3.81E-09
1000	47	3.73E-09
1000	48	3.58E-09
1000	49	3.48E-09
1000	50	3.38E-09
1000	51	3.59E-09
1000	52	3.79E-09
1000	53	4.24E-09
1000	54	3.85E-09
1000	55	4.38E-09
1000	56	7.73E-09
1000	57	9.15E-09
1000	58	4.67E-09
1000	59	3.94E-09
1000	60	3.78E-09
1000	61	2.96E-09
1000	62	8.96E-10
1000	63	3.46E-09
1000	64	3.32E-09
1000	65	3.68E-09
1000	66	3.64E-09
1000	67	3.43E-09
1000	68	3.57E-09
1000	69	3.3E-09
1000	70	1.86E-09
1000	71	1.29E-08
1000	72	1.71E-08
1000	73	8.09E-09
1000	74	4.21E-09
1000	75	3.97E-09
1000	76	3.78E-09
1000	77	3.58E-09
1000	78	3.41E-09
1000	79	3.84E-09
1000	80	4.39E-09
1000	81	4.58E-09
1000	82	3.45E-09
1000	83	3.5E-09
1000	84	3.64E-09
1000	85	4.69E-09
1000	86	1.01E-08
1000	87	8.2E-09
1000	88	4.4E-09
1000	89	4.05E-09
1000	90	3.95E-09
1000	91	3.76E-09
1000	92	3.53E-09
1000	93	4.25E-09
1000	94	3.46E-09
1000	95	3.68E-09
1000	96	2.11E-09
1000	97	4.36E-09
1000	98	4.16E-09
1000	99	3.54E-09
1000	100	3.72E-09
1000	101	4.06E-09
1000	102	4.38E-09
1000	103	4.16E-09
1000	104	4.02E-09
1000	105	3.97E-09
1000	106	3.82E-09
1000	107	4.15E-09
1000	108	3.91E-09
1000	109	3.37E-09
1000	110	3.41E-09
1000	111	1.99E-09
1000	112	2.7E-09
1000	113	3.48E-09
1000	114	4.11E-09
1000	115	4.17E-09
1000	116	3.91E-09
1000	117	3.84E-09
1000	118	4.01E-09
1000	119	4.02E-09
1000	120	3.92E-09
1000	121	4.19E-09
1000	122	4.12E-09
1000	123	3.55E-09
1000	124	3.43E-09
1000	125	3.39E-09
1000	126	2.59E-09
1000	127	2.63E-09
1000	128	3.5E-09
1000	129	3.52E-09
1000	130	3.75E-09
1000	131	4.11E-09
1000	132	4.23E-09
1000	133	4.19E-09
1000	134	4.13E-09
1000	135	3.96E-09
1000	136	3.71E-09
1000	137	3.51E-09
1000	138	3.44E-09
1000	139	3.33E-09
1000	140	2.45E-09
1000	141	2.68E-09
1000	142	2.9E-09
1000	143	8.79E-10
1000	144	3.54E-09
1000	145	4.35E-09
1000	146	3.75E-09
1000	147	3.9E-09
1000	148	3.85E-09
1000	149	3.74E-09
1000	150	3.62E-09
1000	151	3.49E-09
1000	152	3.4E-09
1000	153	2.75E-09
1000	154	8.23E-10
1000	155	2.51E-09
1000	156	2.72E-09
1000	157	3.57E-09
1000	158	3.57E-09
1000	159	3.61E-09
1000	160	3.67E-09
1000	161	3.72E-09
1000	162	3E-09
1000	163	9.02E-10
1000	164	3.55E-09
1000	165	3.48E-09
1000	166	8.95E-09
1000	167	3.36E-09
1000	168	2.54E-09
1000	169	2.71E-09
1000	170	3.66E-09
1000	171	3.6E-09
1000	172	3.59E-09
1000	173	3.59E-09
1000	174	3.56E-09
1000	175	3.48E-09
1000	176	3.43E-09
1000	177	4E-09
1000	178	3.37E-09
1000	179	2.47E-09
1000	180	2.88E-09
1000	181	3.78E-09
1000	182	3.6E-09
1000	183	3.53E-09
1000	184	3.49E-09
1000	185	3.43E-09
1000	186	3.38E-09
1000	187	3.37E-09
1000	188	3.39E-09
1000	189	2.54E-09
1000	190	2.3E-09
1000	191	4.13E-09
1000	192	3.82E-09
1000	193	3.75E-09
1000	194	3.65E-09
1000	195	4.29E-09
1000	196	3.54E-09
1000	197	3.59E-09
1000	198	1.96E-09
1000	199	4.01E-08
		
# End of manufacturer data file		
