#Measurement file		
#project	CMS endcap calorimeter	
#Sensor Type	LD	
#Sensor Geometry	Full	
#Thickness	300um	
#Process variant	p-stop: common; p-stop concentration: x1.0; typeC	
#ID	8-198-300F-L6-P5295-01-104857-0	
#Scratch PAD	|0001|0000|0100|1000|0101|0111|	
#Operator	HPK	
#Test Date	15-Jul-23	
#Ingot No.	-	
#Bad pads	none	
#Depletion voltage [V]	220	
#temperature [deg]	25	
#humidity [%]	40	
		
voltage [V]	pad nr.[-]	current [A]
0	0	1.92E-08
0	1	2.12E-06
0	2	1.81E-06
0	3	1.03E-06
0	4	7.11E-07
0	5	6.99E-07
0	6	1.06E-06
0	7	1.47E-06
0	8	1.63E-06
0	9	2.27E-06
0	10	1.73E-06
0	11	1.02E-06
0	12	5.53E-07
0	13	7.18E-07
0	14	2.84E-07
0	15	4.81E-07
0	16	7.72E-07
0	17	9.43E-07
0	18	1.33E-06
0	19	1.97E-06
0	20	1.55E-06
0	21	1.14E-06
0	22	6.16E-07
0	23	4E-07
0	24	3.63E-07
0	25	4.58E-07
0	26	6.07E-07
0	27	5.44E-07
0	28	7.4E-07
0	29	1.91E-06
0	30	1.41E-06
0	31	1.28E-06
0	32	8.13E-07
0	33	5.35E-07
0	34	4.33E-07
0	35	4.35E-07
0	36	5.17E-07
0	37	4.88E-07
0	38	3.81E-07
0	39	4.98E-07
0	40	1.91E-06
0	41	1.49E-06
0	42	1.35E-06
0	43	1.25E-06
0	44	8.71E-07
0	45	6.98E-07
0	46	6.01E-07
0	47	6.56E-07
0	48	6.74E-07
0	49	4.88E-07
0	50	3.87E-07
0	51	6.34E-07
0	52	2.09E-06
0	53	1.55E-06
0	54	1.37E-06
0	55	1.43E-06
0	56	1.28E-06
0	57	1.01E-06
0	58	8.91E-07
0	59	8.55E-07
0	60	9.07E-07
0	61	1.12E-06
0	62	4.28E-07
0	63	4.68E-07
0	64	3.78E-07
0	65	6.97E-07
0	66	2.3E-06
0	67	1.61E-06
0	68	1.34E-06
0	69	2.26E-06
0	70	8.66E-07
0	71	1.6E-06
0	72	1.36E-06
0	73	1.16E-06
0	74	1.03E-06
0	75	1.08E-06
0	76	1.01E-06
0	77	6.54E-07
0	78	4.37E-07
0	79	3.99E-07
0	80	8.36E-07
0	81	2.34E-06
0	82	1.54E-06
0	83	1.29E-06
0	84	1.31E-06
0	85	1.58E-06
0	86	1.53E-06
0	87	1.32E-06
0	88	1.12E-06
0	89	1.11E-06
0	90	1.19E-06
0	91	8.83E-07
0	92	5.55E-07
0	93	3.86E-07
0	94	3.99E-07
0	95	9.48E-07
0	96	2.04E-06
0	97	1.82E-06
0	98	1.24E-06
0	99	1.17E-06
0	100	1.46E-06
0	101	1.59E-06
0	102	1.49E-06
0	103	1.19E-06
0	104	1.07E-06
0	105	1.17E-06
0	106	1.04E-06
0	107	6.76E-07
0	108	4.16E-07
0	109	3.54E-07
0	110	5.41E-07
0	111	9.52E-07
0	112	1.94E-06
0	113	1.41E-06
0	114	1.09E-06
0	115	1.19E-06
0	116	1.46E-06
0	117	1.52E-06
0	118	1.27E-06
0	119	1.05E-06
0	120	1.03E-06
0	121	1.06E-06
0	122	8.93E-07
0	123	5.4E-07
0	124	4.14E-07
0	125	4.86E-07
0	126	9.19E-07
0	127	1.72E-06
0	128	1.34E-06
0	129	1.08E-06
0	130	1.23E-06
0	131	1.42E-06
0	132	1.29E-06
0	133	1.06E-06
0	134	9.03E-07
0	135	8.55E-07
0	136	8.21E-07
0	137	5.89E-07
0	138	4.21E-07
0	139	4.75E-07
0	140	7.2E-07
0	141	1.66E-06
0	142	1.94E-06
0	143	7.13E-07
0	144	1.01E-06
0	145	1.07E-06
0	146	1.05E-06
0	147	8.35E-07
0	148	7.24E-07
0	149	6.36E-07
0	150	6.01E-07
0	151	5.38E-07
0	152	4.07E-07
0	153	7.53E-07
0	154	2.88E-07
0	155	6.39E-07
0	156	1.61E-06
0	157	1.29E-06
0	158	9.79E-07
0	159	8.48E-07
0	160	7.15E-07
0	161	5.51E-07
0	162	8.04E-07
0	163	3.18E-07
0	164	4.46E-07
0	165	4.11E-07
0	166	3.84E-07
0	167	4.72E-07
0	168	6.19E-07
0	169	1.52E-06
0	170	1.22E-06
0	171	8.82E-07
0	172	6.26E-07
0	173	5.2E-07
0	174	4.46E-07
0	175	4.46E-07
0	176	4.62E-07
0	177	4.78E-07
0	178	5.8E-07
0	179	7.3E-07
0	180	1.74E-06
0	181	1.39E-06
0	182	8.61E-07
0	183	6.43E-07
0	184	4.68E-07
0	185	4.88E-07
0	186	5.57E-07
0	187	6.55E-07
0	188	7.89E-07
0	189	9.76E-07
0	190	1.95E-06
0	191	1.79E-06
0	192	1.23E-06
0	193	9.27E-07
0	194	7.88E-07
0	195	8.56E-07
0	196	1.07E-06
0	197	1.48E-06
0	198	1.45E-06
0	199	1.23E-05
100	0	1.68E-07
100	1	6.01E-10
100	2	6.25E-10
100	3	5.69E-10
100	4	5.56E-10
100	5	5.62E-10
100	6	6E-10
100	7	6.94E-10
100	8	6.44E-10
100	9	9.28E-10
100	10	7.48E-10
100	11	7.01E-10
100	12	6.8E-10
100	13	5.61E-10
100	14	1.56E-10
100	15	6.76E-10
100	16	6.81E-10
100	17	7.24E-10
100	18	8.99E-10
100	19	8.26E-10
100	20	6.82E-10
100	21	6.48E-10
100	22	6.19E-10
100	23	7.54E-10
100	24	6.11E-10
100	25	6.15E-10
100	26	6.25E-10
100	27	6.59E-10
100	28	7.31E-10
100	29	8.33E-10
100	30	6.4E-10
100	31	6.14E-10
100	32	5.99E-10
100	33	5.78E-10
100	34	5.72E-10
100	35	5.78E-10
100	36	5.76E-10
100	37	5.95E-10
100	38	6.27E-10
100	39	7.09E-10
100	40	8.84E-10
100	41	6.14E-10
100	42	6.08E-10
100	43	6.35E-10
100	44	7.3E-10
100	45	6.64E-10
100	46	5.52E-10
100	47	5.54E-10
100	48	5.57E-10
100	49	5.84E-10
100	50	5.97E-10
100	51	7.12E-10
100	52	8.53E-10
100	53	6.09E-10
100	54	6.02E-10
100	55	1.03E-09
100	56	2.55E-09
100	57	2.92E-09
100	58	9.17E-10
100	59	5.38E-10
100	60	5.23E-10
100	61	4.67E-10
100	62	1.4E-10
100	63	5.61E-10
100	64	5.86E-10
100	65	7.56E-10
100	66	8.12E-10
100	67	5.95E-10
100	68	5.59E-10
100	69	6.44E-10
100	70	1.71E-10
100	71	4.47E-09
100	72	1.38E-08
100	73	6.28E-09
100	74	6.33E-10
100	75	5.35E-10
100	76	5.39E-10
100	77	5.39E-10
100	78	5.63E-10
100	79	5.95E-10
100	80	7.66E-10
100	81	9.07E-10
100	82	5.92E-10
100	83	5.51E-10
100	84	5.59E-10
100	85	9.36E-10
100	86	3.97E-09
100	87	6.4E-09
100	88	8.34E-10
100	89	5.66E-10
100	90	5.58E-10
100	91	5.39E-10
100	92	5.34E-10
100	93	5.55E-10
100	94	5.73E-10
100	95	8.5E-10
100	96	5.66E-10
100	97	6.36E-10
100	98	5.66E-10
100	99	5.67E-10
100	100	5.55E-10
100	101	8.23E-10
100	102	7.28E-10
100	103	6.63E-10
100	104	5.74E-10
100	105	5.54E-10
100	106	7.74E-10
100	107	5.4E-10
100	108	5.39E-10
100	109	5.58E-10
100	110	6.11E-10
100	111	5.43E-10
100	112	6.27E-10
100	113	6.19E-10
100	114	5.58E-10
100	115	5.62E-10
100	116	5.69E-10
100	117	5.47E-10
100	118	5.8E-10
100	119	5.92E-10
100	120	5.49E-10
100	121	5.29E-10
100	122	5.31E-10
100	123	5.32E-10
100	124	5.3E-10
100	125	5.65E-10
100	126	5.41E-10
100	127	5.86E-10
100	128	6.18E-10
100	129	5.63E-10
100	130	6.25E-10
100	131	5.9E-10
100	132	5.38E-10
100	133	5.38E-10
100	134	5.33E-10
100	135	5.33E-10
100	136	5.31E-10
100	137	5.38E-10
100	138	5.44E-10
100	139	5.61E-10
100	140	4.85E-10
100	141	5.75E-10
100	142	5.28E-10
100	143	1.47E-10
100	144	5.85E-10
100	145	6.07E-10
100	146	5.64E-10
100	147	5.52E-10
100	148	5.36E-10
100	149	5.32E-10
100	150	5.36E-10
100	151	5.35E-10
100	152	5.41E-10
100	153	4.79E-10
100	154	1.35E-10
100	155	4.87E-10
100	156	5.87E-10
100	157	6.4E-10
100	158	5.95E-10
100	159	5.67E-10
100	160	5.92E-10
100	161	5.45E-10
100	162	4.7E-10
100	163	1.32E-10
100	164	5.44E-10
100	165	5.36E-10
100	166	5.49E-10
100	167	5.63E-10
100	168	4.94E-10
100	169	5.99E-10
100	170	6.81E-10
100	171	6.29E-10
100	172	5.87E-10
100	173	5.71E-10
100	174	5.65E-10
100	175	5.59E-10
100	176	5.54E-10
100	177	5.62E-10
100	178	5.81E-10
100	179	5.09E-10
100	180	6.53E-10
100	181	7.44E-10
100	182	6.76E-10
100	183	7.04E-10
100	184	6.08E-10
100	185	5.9E-10
100	186	6.93E-10
100	187	5.75E-10
100	188	6.22E-10
100	189	5.41E-10
100	190	6.57E-10
100	191	1.06E-09
100	192	8.75E-10
100	193	7.72E-10
100	194	7.13E-10
100	195	7.27E-10
100	196	7.09E-10
100	197	7.75E-10
100	198	5E-10
100	199	1.8E-08
200	0	2E-07
200	1	7.15E-10
200	2	7.53E-10
200	3	7.05E-10
200	4	6.76E-10
200	5	6.84E-10
200	6	7.34E-10
200	7	8.44E-10
200	8	7.68E-10
200	9	1.11E-09
200	10	8.9E-10
200	11	8.43E-10
200	12	8.24E-10
200	13	7.26E-10
200	14	2.06E-10
200	15	8.24E-10
200	16	8.34E-10
200	17	8.8E-10
200	18	1.08E-09
200	19	9.66E-10
200	20	8.11E-10
200	21	7.83E-10
200	22	7.65E-10
200	23	1.01E-09
200	24	7.48E-10
200	25	7.63E-10
200	26	7.62E-10
200	27	8.02E-10
200	28	8.99E-10
200	29	9.85E-10
200	30	7.66E-10
200	31	7.48E-10
200	32	7.26E-10
200	33	7.19E-10
200	34	7.04E-10
200	35	7.13E-10
200	36	7.11E-10
200	37	7.4E-10
200	38	7.79E-10
200	39	8.58E-10
200	40	1.04E-09
200	41	7.5E-10
200	42	7.35E-10
200	43	7.74E-10
200	44	8.9E-10
200	45	8.16E-10
200	46	6.99E-10
200	47	6.86E-10
200	48	7.04E-10
200	49	7.33E-10
200	50	7.48E-10
200	51	8.8E-10
200	52	1E-09
200	53	7.28E-10
200	54	7.32E-10
200	55	1.21E-09
200	56	2.93E-09
200	57	3.33E-09
200	58	1.1E-09
200	59	6.7E-10
200	60	6.55E-10
200	61	6.28E-10
200	62	1.74E-10
200	63	7.03E-10
200	64	7.39E-10
200	65	9.23E-10
200	66	9.59E-10
200	67	7.17E-10
200	68	6.92E-10
200	69	8.11E-10
200	70	2.13E-10
200	71	5.06E-09
200	72	1.55E-08
200	73	7.08E-09
200	74	7.7E-10
200	75	6.54E-10
200	76	6.66E-10
200	77	6.67E-10
200	78	6.99E-10
200	79	7.41E-10
200	80	9.3E-10
200	81	1.06E-09
200	82	7.19E-10
200	83	6.98E-10
200	84	6.95E-10
200	85	1.11E-09
200	86	4.51E-09
200	87	7.22E-09
200	88	1E-09
200	89	6.91E-10
200	90	6.84E-10
200	91	6.75E-10
200	92	6.72E-10
200	93	6.99E-10
200	94	7.26E-10
200	95	1.02E-09
200	96	6.76E-10
200	97	7.68E-10
200	98	6.99E-10
200	99	6.87E-10
200	100	6.89E-10
200	101	1.11E-09
200	102	8.73E-10
200	103	8E-10
200	104	7.02E-10
200	105	6.78E-10
200	106	1.11E-09
200	107	6.75E-10
200	108	6.81E-10
200	109	6.99E-10
200	110	7.57E-10
200	111	6.74E-10
200	112	7.48E-10
200	113	7.59E-10
200	114	6.92E-10
200	115	6.87E-10
200	116	6.94E-10
200	117	6.62E-10
200	118	7.02E-10
200	119	7.18E-10
200	120	6.66E-10
200	121	6.66E-10
200	122	6.74E-10
200	123	6.85E-10
200	124	6.87E-10
200	125	7.24E-10
200	126	6.84E-10
200	127	7.2E-10
200	128	7.52E-10
200	129	7.03E-10
200	130	7.51E-10
200	131	7.3E-10
200	132	6.62E-10
200	133	6.68E-10
200	134	6.57E-10
200	135	6.63E-10
200	136	6.65E-10
200	137	6.73E-10
200	138	6.85E-10
200	139	7.06E-10
200	140	6.14E-10
200	141	6.92E-10
200	142	6.74E-10
200	143	1.84E-10
200	144	7.17E-10
200	145	7.28E-10
200	146	6.94E-10
200	147	6.92E-10
200	148	6.63E-10
200	149	6.68E-10
200	150	6.63E-10
200	151	6.67E-10
200	152	6.8E-10
200	153	6.53E-10
200	154	1.8E-10
200	155	6.18E-10
200	156	7.06E-10
200	157	7.78E-10
200	158	7.3E-10
200	159	6.96E-10
200	160	7.26E-10
200	161	6.94E-10
200	162	6.38E-10
200	163	1.7E-10
200	164	6.92E-10
200	165	6.82E-10
200	166	6.92E-10
200	167	7.1E-10
200	168	6.28E-10
200	169	7.25E-10
200	170	8.3E-10
200	171	7.7E-10
200	172	7.36E-10
200	173	7.14E-10
200	174	7.01E-10
200	175	7.06E-10
200	176	6.89E-10
200	177	6.97E-10
200	178	7.23E-10
200	179	6.52E-10
200	180	7.83E-10
200	181	8.93E-10
200	182	8.22E-10
200	183	9.01E-10
200	184	7.45E-10
200	185	7.25E-10
200	186	9.27E-10
200	187	7.1E-10
200	188	8.02E-10
200	189	6.76E-10
200	190	7.8E-10
200	191	1.24E-09
200	192	1.04E-09
200	193	9.26E-10
200	194	8.66E-10
200	195	8.78E-10
200	196	8.53E-10
200	197	9.31E-10
200	198	6.08E-10
200	199	2.76E-08
300	0	2.43E-07
300	1	8.58E-10
300	2	9.18E-10
300	3	8.55E-10
300	4	8.34E-10
300	5	8.33E-10
300	6	8.9E-10
300	7	1E-09
300	8	9.05E-10
300	9	2.23E-09
300	10	1.08E-09
300	11	1.03E-09
300	12	9.92E-10
300	13	8.99E-10
300	14	2.67E-10
300	15	9.84E-10
300	16	1E-09
300	17	1.05E-09
300	18	1.27E-09
300	19	1.18E-09
300	20	9.97E-10
300	21	9.63E-10
300	22	9.24E-10
300	23	1.26E-09
300	24	9.01E-10
300	25	9.07E-10
300	26	9.2E-10
300	27	9.54E-10
300	28	1.07E-09
300	29	1.19E-09
300	30	9.43E-10
300	31	9.23E-10
300	32	8.96E-10
300	33	8.78E-10
300	34	8.52E-10
300	35	8.61E-10
300	36	8.56E-10
300	37	8.84E-10
300	38	9.09E-10
300	39	1.04E-09
300	40	1.24E-09
300	41	9.47E-10
300	42	9.3E-10
300	43	9.64E-10
300	44	1.08E-09
300	45	9.93E-10
300	46	8.62E-10
300	47	8.59E-10
300	48	8.64E-10
300	49	8.9E-10
300	50	9E-10
300	51	1.05E-09
300	52	1.22E-09
300	53	9.24E-10
300	54	9.16E-10
300	55	1.41E-09
300	56	3.19E-09
300	57	3.6E-09
300	58	1.28E-09
300	59	8.19E-10
300	60	8.15E-10
300	61	7.96E-10
300	62	2.45E-10
300	63	8.51E-10
300	64	8.88E-10
300	65	1.09E-09
300	66	1.17E-09
300	67	8.95E-10
300	68	8.61E-10
300	69	1E-09
300	70	2.78E-10
300	71	5.42E-09
300	72	1.63E-08
300	73	7.5E-09
300	74	9.41E-10
300	75	8.17E-10
300	76	8.22E-10
300	77	8.24E-10
300	78	8.41E-10
300	79	8.87E-10
300	80	1.11E-09
300	81	1.3E-09
300	82	9.18E-10
300	83	8.85E-10
300	84	8.93E-10
300	85	1.31E-09
300	86	4.86E-09
300	87	7.67E-09
300	88	1.2E-09
300	89	8.75E-10
300	90	8.64E-10
300	91	8.43E-10
300	92	8.28E-10
300	93	8.61E-10
300	94	8.84E-10
300	95	1.21E-09
300	96	8.17E-10
300	97	9.54E-10
300	98	8.83E-10
300	99	8.63E-10
300	100	8.65E-10
300	101	1.44E-09
300	102	1.07E-09
300	103	9.78E-10
300	104	8.71E-10
300	105	8.39E-10
300	106	1.45E-09
300	107	8.33E-10
300	108	8.3E-10
300	109	8.42E-10
300	110	9.07E-10
300	111	7.84E-10
300	112	9.06E-10
300	113	9.33E-10
300	114	8.68E-10
300	115	8.6E-10
300	116	8.63E-10
300	117	8.39E-10
300	118	8.81E-10
300	119	8.95E-10
300	120	8.41E-10
300	121	8.55E-10
300	122	8.48E-10
300	123	8.53E-10
300	124	8.47E-10
300	125	8.87E-10
300	126	8.23E-10
300	127	8.8E-10
300	128	9.46E-10
300	129	8.86E-10
300	130	9.46E-10
300	131	9.17E-10
300	132	8.47E-10
300	133	8.4E-10
300	134	8.3E-10
300	135	8.31E-10
300	136	8.21E-10
300	137	8.28E-10
300	138	8.4E-10
300	139	8.68E-10
300	140	7.41E-10
300	141	8.53E-10
300	142	8.73E-10
300	143	2.51E-10
300	144	8.88E-10
300	145	9.07E-10
300	146	8.57E-10
300	147	8.51E-10
300	148	8.16E-10
300	149	8.13E-10
300	150	8.1E-10
300	151	8.17E-10
300	152	8.13E-10
300	153	8.03E-10
300	154	2.42E-10
300	155	7.39E-10
300	156	8.61E-10
300	157	9.52E-10
300	158	8.97E-10
300	159	8.59E-10
300	160	8.81E-10
300	161	8.58E-10
300	162	8.05E-10
300	163	2.41E-10
300	164	8.5E-10
300	165	8.4E-10
300	166	8.5E-10
300	167	8.69E-10
300	168	7.58E-10
300	169	8.74E-10
300	170	1.02E-09
300	171	9.44E-10
300	172	8.94E-10
300	173	8.68E-10
300	174	8.56E-10
300	175	8.6E-10
300	176	8.47E-10
300	177	8.48E-10
300	178	8.84E-10
300	179	7.84E-10
300	180	9.45E-10
300	181	1.08E-09
300	182	9.88E-10
300	183	1.12E-09
300	184	8.98E-10
300	185	8.83E-10
300	186	1.18E-09
300	187	8.67E-10
300	188	9.96E-10
300	189	8.05E-10
300	190	9.17E-10
300	191	1.44E-09
300	192	1.23E-09
300	193	1.12E-09
300	194	1.05E-09
300	195	1.06E-09
300	196	1.05E-09
300	197	1.11E-09
300	198	7.34E-10
300	199	3.38E-08
400	0	2.99E-07
400	1	1.01E-09
400	2	1.11E-09
400	3	1.03E-09
400	4	1E-09
400	5	1E-09
400	6	1.05E-09
400	7	1.18E-09
400	8	1.03E-09
400	9	3.54E-09
400	10	1.33E-09
400	11	1.25E-09
400	12	1.21E-09
400	13	1.07E-09
400	14	3.18E-10
400	15	1.2E-09
400	16	1.22E-09
400	17	1.27E-09
400	18	1.51E-09
400	19	1.43E-09
400	20	1.23E-09
400	21	1.19E-09
400	22	1.14E-09
400	23	1.56E-09
400	24	1.11E-09
400	25	1.13E-09
400	26	1.14E-09
400	27	1.16E-09
400	28	1.29E-09
400	29	1.44E-09
400	30	1.17E-09
400	31	1.14E-09
400	32	1.11E-09
400	33	1.09E-09
400	34	1.07E-09
400	35	1.06E-09
400	36	1.07E-09
400	37	1.1E-09
400	38	1.11E-09
400	39	1.26E-09
400	40	1.5E-09
400	41	1.18E-09
400	42	1.16E-09
400	43	1.19E-09
400	44	1.31E-09
400	45	1.22E-09
400	46	1.08E-09
400	47	1.07E-09
400	48	1.08E-09
400	49	1.1E-09
400	50	1.11E-09
400	51	1.28E-09
400	52	1.48E-09
400	53	1.15E-09
400	54	1.14E-09
400	55	1.66E-09
400	56	3.52E-09
400	57	3.97E-09
400	58	1.52E-09
400	59	1.04E-09
400	60	1.03E-09
400	61	9.73E-10
400	62	3.03E-10
400	63	1.06E-09
400	64	1.08E-09
400	65	1.34E-09
400	66	1.42E-09
400	67	1.12E-09
400	68	1.09E-09
400	69	1.22E-09
400	70	3.5E-10
400	71	5.86E-09
400	72	1.73E-08
400	73	8.08E-09
400	74	1.18E-09
400	75	1.04E-09
400	76	1.04E-09
400	77	1.04E-09
400	78	1.04E-09
400	79	1.13E-09
400	80	1.39E-09
400	81	1.57E-09
400	82	1.15E-09
400	83	1.1E-09
400	84	1.11E-09
400	85	1.56E-09
400	86	5.29E-09
400	87	8.26E-09
400	88	1.46E-09
400	89	1.12E-09
400	90	1.09E-09
400	91	1.06E-09
400	92	1.03E-09
400	93	1.11E-09
400	94	1.1E-09
400	95	1.44E-09
400	96	9.55E-10
400	97	1.2E-09
400	98	1.12E-09
400	99	1.09E-09
400	100	1.09E-09
400	101	1.83E-09
400	102	1.31E-09
400	103	1.22E-09
400	104	1.11E-09
400	105	1.07E-09
400	106	1.86E-09
400	107	1.09E-09
400	108	1.06E-09
400	109	1.05E-09
400	110	1.11E-09
400	111	9.16E-10
400	112	1.08E-09
400	113	1.15E-09
400	114	1.09E-09
400	115	1.09E-09
400	116	1.11E-09
400	117	1.08E-09
400	118	1.12E-09
400	119	1.15E-09
400	120	1.09E-09
400	121	1.1E-09
400	122	1.08E-09
400	123	1.06E-09
400	124	1.05E-09
400	125	1.09E-09
400	126	9.92E-10
400	127	1.04E-09
400	128	1.16E-09
400	129	1.1E-09
400	130	1.17E-09
400	131	1.13E-09
400	132	1.08E-09
400	133	1.07E-09
400	134	1.06E-09
400	135	1.05E-09
400	136	1.03E-09
400	137	1.04E-09
400	138	1.05E-09
400	139	1.08E-09
400	140	8.97E-10
400	141	1.02E-09
400	142	1.05E-09
400	143	3.16E-10
400	144	1.1E-09
400	145	1.12E-09
400	146	1.08E-09
400	147	1.07E-09
400	148	1.04E-09
400	149	1.03E-09
400	150	1.02E-09
400	151	1.02E-09
400	152	1.02E-09
400	153	9.68E-10
400	154	2.96E-10
400	155	8.96E-10
400	156	1.03E-09
400	157	1.16E-09
400	158	1.12E-09
400	159	1.08E-09
400	160	1.09E-09
400	161	1.08E-09
400	162	9.85E-10
400	163	3.04E-10
400	164	1.06E-09
400	165	1.05E-09
400	166	1.06E-09
400	167	1.09E-09
400	168	9.18E-10
400	169	1.05E-09
400	170	1.24E-09
400	171	1.16E-09
400	172	1.12E-09
400	173	1.09E-09
400	174	1.07E-09
400	175	1.07E-09
400	176	1.05E-09
400	177	1.06E-09
400	178	1.09E-09
400	179	9.33E-10
400	180	1.12E-09
400	181	1.3E-09
400	182	1.2E-09
400	183	1.41E-09
400	184	1.11E-09
400	185	1.09E-09
400	186	1.48E-09
400	187	1.07E-09
400	188	1.28E-09
400	189	9.68E-10
400	190	1.06E-09
400	191	1.7E-09
400	192	1.47E-09
400	193	1.34E-09
400	194	1.27E-09
400	195	1.29E-09
400	196	1.26E-09
400	197	1.34E-09
400	198	8.54E-10
400	199	3.49E-08
500	0	3.66E-07
500	1	1.18E-09
500	2	1.32E-09
500	3	1.22E-09
500	4	1.19E-09
500	5	1.21E-09
500	6	1.25E-09
500	7	1.4E-09
500	8	1.19E-09
500	9	4.94E-09
500	10	1.62E-09
500	11	1.54E-09
500	12	1.49E-09
500	13	1.3E-09
500	14	3.84E-10
500	15	1.48E-09
500	16	1.51E-09
500	17	1.55E-09
500	18	1.81E-09
500	19	1.71E-09
500	20	1.52E-09
500	21	1.45E-09
500	22	1.42E-09
500	23	1.94E-09
500	24	1.38E-09
500	25	1.4E-09
500	26	1.41E-09
500	27	1.43E-09
500	28	1.57E-09
500	29	1.74E-09
500	30	1.44E-09
500	31	1.41E-09
500	32	1.38E-09
500	33	1.35E-09
500	34	1.34E-09
500	35	1.33E-09
500	36	1.33E-09
500	37	1.36E-09
500	38	1.38E-09
500	39	1.54E-09
500	40	1.79E-09
500	41	1.45E-09
500	42	1.43E-09
500	43	1.47E-09
500	44	1.6E-09
500	45	1.5E-09
500	46	1.35E-09
500	47	1.33E-09
500	48	1.34E-09
500	49	1.36E-09
500	50	1.37E-09
500	51	1.57E-09
500	52	1.78E-09
500	53	1.41E-09
500	54	1.4E-09
500	55	1.98E-09
500	56	3.93E-09
500	57	4.41E-09
500	58	1.81E-09
500	59	1.31E-09
500	60	1.29E-09
500	61	1.18E-09
500	62	3.66E-10
500	63	1.32E-09
500	64	1.35E-09
500	65	1.64E-09
500	66	1.7E-09
500	67	1.38E-09
500	68	1.35E-09
500	69	1.45E-09
500	70	4.11E-10
500	71	6.42E-09
500	72	1.85E-08
500	73	8.79E-09
500	74	1.48E-09
500	75	1.33E-09
500	76	1.31E-09
500	77	1.29E-09
500	78	1.3E-09
500	79	1.47E-09
500	80	1.76E-09
500	81	1.9E-09
500	82	1.41E-09
500	83	1.37E-09
500	84	1.39E-09
500	85	1.87E-09
500	86	5.82E-09
500	87	8.99E-09
500	88	1.79E-09
500	89	1.43E-09
500	90	1.36E-09
500	91	1.34E-09
500	92	1.31E-09
500	93	1.46E-09
500	94	1.38E-09
500	95	1.74E-09
500	96	1.11E-09
500	97	1.49E-09
500	98	1.42E-09
500	99	1.37E-09
500	100	1.35E-09
500	101	2.25E-09
500	102	1.61E-09
500	103	1.53E-09
500	104	1.42E-09
500	105	1.36E-09
500	106	2.31E-09
500	107	1.4E-09
500	108	1.36E-09
500	109	1.32E-09
500	110	1.39E-09
500	111	1.07E-09
500	112	1.3E-09
500	113	1.42E-09
500	114	1.36E-09
500	115	1.39E-09
500	116	1.41E-09
500	117	1.39E-09
500	118	1.44E-09
500	119	1.49E-09
500	120	1.42E-09
500	121	1.41E-09
500	122	1.4E-09
500	123	1.34E-09
500	124	1.32E-09
500	125	1.37E-09
500	126	1.2E-09
500	127	1.24E-09
500	128	1.43E-09
500	129	1.37E-09
500	130	1.44E-09
500	131	1.42E-09
500	132	1.36E-09
500	133	1.37E-09
500	134	1.35E-09
500	135	1.32E-09
500	136	1.3E-09
500	137	1.3E-09
500	138	1.31E-09
500	139	1.34E-09
500	140	1.09E-09
500	141	1.22E-09
500	142	1.26E-09
500	143	3.8E-10
500	144	1.37E-09
500	145	1.4E-09
500	146	1.35E-09
500	147	1.34E-09
500	148	1.31E-09
500	149	1.3E-09
500	150	1.29E-09
500	151	1.28E-09
500	152	1.29E-09
500	153	1.17E-09
500	154	3.59E-10
500	155	1.09E-09
500	156	1.23E-09
500	157	1.44E-09
500	158	1.38E-09
500	159	1.34E-09
500	160	1.37E-09
500	161	1.34E-09
500	162	1.2E-09
500	163	3.73E-10
500	164	1.33E-09
500	165	1.32E-09
500	166	1.33E-09
500	167	1.35E-09
500	168	1.12E-09
500	169	1.25E-09
500	170	1.52E-09
500	171	1.43E-09
500	172	1.39E-09
500	173	1.36E-09
500	174	1.35E-09
500	175	1.33E-09
500	176	1.32E-09
500	177	1.32E-09
500	178	1.36E-09
500	179	1.13E-09
500	180	1.33E-09
500	181	1.59E-09
500	182	1.48E-09
500	183	1.74E-09
500	184	1.38E-09
500	185	1.36E-09
500	186	1.83E-09
500	187	1.33E-09
500	188	1.61E-09
500	189	1.17E-09
500	190	1.22E-09
500	191	2E-09
500	192	1.77E-09
500	193	1.65E-09
500	194	1.55E-09
500	195	1.57E-09
500	196	1.54E-09
500	197	1.62E-09
500	198	1E-09
500	199	3.58E-08
600	0	4.46E-07
600	1	1.38E-09
600	2	1.58E-09
600	3	1.47E-09
600	4	1.46E-09
600	5	1.45E-09
600	6	1.51E-09
600	7	1.67E-09
600	8	1.39E-09
600	9	6.38E-09
600	10	1.98E-09
600	11	1.88E-09
600	12	1.84E-09
600	13	1.56E-09
600	14	4.65E-10
600	15	1.82E-09
600	16	1.85E-09
600	17	1.9E-09
600	18	2.17E-09
600	19	2.07E-09
600	20	1.84E-09
600	21	1.8E-09
600	22	1.74E-09
600	23	2.36E-09
600	24	1.71E-09
600	25	1.74E-09
600	26	1.74E-09
600	27	1.77E-09
600	28	1.91E-09
600	29	2.1E-09
600	30	1.78E-09
600	31	1.74E-09
600	32	1.71E-09
600	33	1.68E-09
600	34	1.67E-09
600	35	1.67E-09
600	36	1.66E-09
600	37	1.69E-09
600	38	1.71E-09
600	39	1.88E-09
600	40	2.16E-09
600	41	1.77E-09
600	42	1.76E-09
600	43	1.82E-09
600	44	1.96E-09
600	45	1.84E-09
600	46	1.69E-09
600	47	1.67E-09
600	48	1.69E-09
600	49	1.69E-09
600	50	1.69E-09
600	51	1.9E-09
600	52	2.13E-09
600	53	1.75E-09
600	54	1.74E-09
600	55	2.34E-09
600	56	4.44E-09
600	57	4.94E-09
600	58	2.2E-09
600	59	1.65E-09
600	60	1.64E-09
600	61	1.45E-09
600	62	4.51E-10
600	63	1.65E-09
600	64	1.67E-09
600	65	2.01E-09
600	66	2.05E-09
600	67	1.72E-09
600	68	1.68E-09
600	69	1.74E-09
600	70	4.99E-10
600	71	7.08E-09
600	72	2E-08
600	73	9.6E-09
600	74	1.86E-09
600	75	1.68E-09
600	76	1.65E-09
600	77	1.61E-09
600	78	1.62E-09
600	79	1.86E-09
600	80	2.2E-09
600	81	2.31E-09
600	82	1.75E-09
600	83	1.7E-09
600	84	1.73E-09
600	85	2.25E-09
600	86	6.46E-09
600	87	9.84E-09
600	88	2.19E-09
600	89	1.82E-09
600	90	1.72E-09
600	91	1.67E-09
600	92	1.64E-09
600	93	1.88E-09
600	94	1.72E-09
600	95	2.09E-09
600	96	1.3E-09
600	97	1.86E-09
600	98	1.8E-09
600	99	1.71E-09
600	100	1.7E-09
600	101	2.72E-09
600	102	1.99E-09
600	103	1.91E-09
600	104	1.78E-09
600	105	1.71E-09
600	106	2.82E-09
600	107	1.81E-09
600	108	1.74E-09
600	109	1.63E-09
600	110	1.71E-09
600	111	1.24E-09
600	112	1.53E-09
600	113	1.75E-09
600	114	1.69E-09
600	115	1.74E-09
600	116	1.79E-09
600	117	1.77E-09
600	118	1.84E-09
600	119	1.92E-09
600	120	1.83E-09
600	121	1.84E-09
600	122	1.88E-09
600	123	1.66E-09
600	124	1.64E-09
600	125	1.7E-09
600	126	1.44E-09
600	127	1.48E-09
600	128	1.76E-09
600	129	1.69E-09
600	130	1.77E-09
600	131	1.76E-09
600	132	1.72E-09
600	133	1.74E-09
600	134	1.71E-09
600	135	1.67E-09
600	136	1.63E-09
600	137	1.63E-09
600	138	1.63E-09
600	139	1.66E-09
600	140	1.31E-09
600	141	1.47E-09
600	142	1.51E-09
600	143	4.6E-10
600	144	1.7E-09
600	145	1.72E-09
600	146	1.68E-09
600	147	1.68E-09
600	148	1.64E-09
600	149	1.63E-09
600	150	1.61E-09
600	151	1.6E-09
600	152	1.6E-09
600	153	1.43E-09
600	154	4.32E-10
600	155	1.33E-09
600	156	1.48E-09
600	157	1.77E-09
600	158	1.7E-09
600	159	1.66E-09
600	160	1.71E-09
600	161	1.68E-09
600	162	1.46E-09
600	163	4.52E-10
600	164	1.66E-09
600	165	1.64E-09
600	166	1.66E-09
600	167	1.66E-09
600	168	1.36E-09
600	169	1.48E-09
600	170	1.85E-09
600	171	1.76E-09
600	172	1.72E-09
600	173	1.7E-09
600	174	1.67E-09
600	175	1.65E-09
600	176	1.65E-09
600	177	1.66E-09
600	178	1.66E-09
600	179	1.37E-09
600	180	1.58E-09
600	181	1.93E-09
600	182	1.82E-09
600	183	2.14E-09
600	184	1.72E-09
600	185	1.69E-09
600	186	2.24E-09
600	187	1.65E-09
600	188	2.03E-09
600	189	1.41E-09
600	190	1.41E-09
600	191	2.38E-09
600	192	2.11E-09
600	193	2E-09
600	194	1.9E-09
600	195	1.92E-09
600	196	1.88E-09
600	197	1.96E-09
600	198	1.18E-09
600	199	3.68E-08
700	0	5.37E-07
700	1	1.59E-09
700	2	1.86E-09
700	3	1.74E-09
700	4	1.74E-09
700	5	1.75E-09
700	6	1.78E-09
700	7	1.95E-09
700	8	1.61E-09
700	9	6.92E-09
700	10	2.35E-09
700	11	2.27E-09
700	12	2.22E-09
700	13	1.85E-09
700	14	5.57E-10
700	15	2.2E-09
700	16	2.25E-09
700	17	2.3E-09
700	18	2.57E-09
700	19	2.47E-09
700	20	2.23E-09
700	21	2.17E-09
700	22	2.12E-09
700	23	2.85E-09
700	24	2.1E-09
700	25	2.12E-09
700	26	2.11E-09
700	27	2.14E-09
700	28	2.29E-09
700	29	2.49E-09
700	30	2.13E-09
700	31	2.12E-09
700	32	2.09E-09
700	33	2.07E-09
700	34	2.06E-09
700	35	2.05E-09
700	36	2.05E-09
700	37	2.07E-09
700	38	2.07E-09
700	39	2.28E-09
700	40	2.56E-09
700	41	2.15E-09
700	42	2.15E-09
700	43	2.22E-09
700	44	2.37E-09
700	45	2.26E-09
700	46	2.09E-09
700	47	2.08E-09
700	48	2.07E-09
700	49	2.08E-09
700	50	2.06E-09
700	51	2.29E-09
700	52	2.54E-09
700	53	2.11E-09
700	54	2.12E-09
700	55	2.78E-09
700	56	5.01E-09
700	57	5.55E-09
700	58	2.65E-09
700	59	2.05E-09
700	60	2.04E-09
700	61	1.76E-09
700	62	5.51E-10
700	63	2.03E-09
700	64	2.03E-09
700	65	2.44E-09
700	66	2.43E-09
700	67	2.07E-09
700	68	2.06E-09
700	69	2.09E-09
700	70	5.97E-10
700	71	7.81E-09
700	72	2.15E-08
700	73	1.05E-08
700	74	2.3E-09
700	75	2.1E-09
700	76	2.06E-09
700	77	2.01E-09
700	78	1.99E-09
700	79	2.33E-09
700	80	2.71E-09
700	81	2.81E-09
700	82	2.13E-09
700	83	2.08E-09
700	84	2.12E-09
700	85	2.69E-09
700	86	7.18E-09
700	87	1.08E-08
700	88	2.66E-09
700	89	2.26E-09
700	90	2.14E-09
700	91	2.07E-09
700	92	2.02E-09
700	93	2.38E-09
700	94	2.1E-09
700	95	2.5E-09
700	96	1.5E-09
700	97	2.26E-09
700	98	2.21E-09
700	99	2.11E-09
700	100	2.09E-09
700	101	3.28E-09
700	102	2.43E-09
700	103	2.34E-09
700	104	2.21E-09
700	105	2.13E-09
700	106	3.38E-09
700	107	2.29E-09
700	108	2.17E-09
700	109	2E-09
700	110	2.09E-09
700	111	1.45E-09
700	112	1.81E-09
700	113	2.12E-09
700	114	2.09E-09
700	115	2.17E-09
700	116	2.24E-09
700	117	2.21E-09
700	118	2.31E-09
700	119	2.39E-09
700	120	2.31E-09
700	121	2.32E-09
700	122	2.83E-09
700	123	2.04E-09
700	124	2.02E-09
700	125	2.06E-09
700	126	1.71E-09
700	127	1.76E-09
700	128	2.12E-09
700	129	2.07E-09
700	130	2.17E-09
700	131	2.17E-09
700	132	2.14E-09
700	133	2.19E-09
700	134	2.14E-09
700	135	2.08E-09
700	136	2.03E-09
700	137	2.02E-09
700	138	2E-09
700	139	2.02E-09
700	140	1.58E-09
700	141	1.75E-09
700	142	1.81E-09
700	143	5.36E-10
700	144	2.07E-09
700	145	2.11E-09
700	146	2.08E-09
700	147	2.09E-09
700	148	2.05E-09
700	149	2.04E-09
700	150	2.02E-09
700	151	1.99E-09
700	152	1.97E-09
700	153	1.71E-09
700	154	5.14E-10
700	155	1.6E-09
700	156	1.74E-09
700	157	2.13E-09
700	158	2.09E-09
700	159	2.05E-09
700	160	2.09E-09
700	161	2.07E-09
700	162	1.77E-09
700	163	5.4E-10
700	164	2.05E-09
700	165	2.02E-09
700	166	2.03E-09
700	167	2.03E-09
700	168	1.63E-09
700	169	1.76E-09
700	170	2.24E-09
700	171	2.15E-09
700	172	2.11E-09
700	173	2.08E-09
700	174	2.06E-09
700	175	2.04E-09
700	176	2.03E-09
700	177	2.05E-09
700	178	2.03E-09
700	179	1.63E-09
700	180	1.88E-09
700	181	2.32E-09
700	182	2.19E-09
700	183	2.59E-09
700	184	2.1E-09
700	185	2.05E-09
700	186	2.7E-09
700	187	2.01E-09
700	188	2.5E-09
700	189	1.68E-09
700	190	1.63E-09
700	191	2.8E-09
700	192	2.53E-09
700	193	2.39E-09
700	194	2.29E-09
700	195	2.3E-09
700	196	2.26E-09
700	197	2.34E-09
700	198	1.38E-09
700	199	3.78E-08
800	0	6.35E-07
800	1	1.82E-09
800	2	2.17E-09
800	3	2.04E-09
800	4	2.05E-09
800	5	2.04E-09
800	6	2.08E-09
800	7	2.27E-09
800	8	1.85E-09
800	9	8.12E-09
800	10	2.79E-09
800	11	2.69E-09
800	12	2.63E-09
800	13	2.18E-09
800	14	6.56E-10
800	15	2.62E-09
800	16	2.66E-09
800	17	2.72E-09
800	18	2.99E-09
800	19	2.9E-09
800	20	2.63E-09
800	21	2.59E-09
800	22	2.55E-09
800	23	3.37E-09
800	24	2.52E-09
800	25	2.54E-09
800	26	2.54E-09
800	27	2.56E-09
800	28	2.71E-09
800	29	2.94E-09
800	30	2.54E-09
800	31	2.55E-09
800	32	2.52E-09
800	33	2.5E-09
800	34	2.49E-09
800	35	2.47E-09
800	36	2.47E-09
800	37	2.49E-09
800	38	2.46E-09
800	39	2.7E-09
800	40	2.99E-09
800	41	2.56E-09
800	42	2.58E-09
800	43	2.66E-09
800	44	2.84E-09
800	45	2.72E-09
800	46	2.55E-09
800	47	2.51E-09
800	48	2.5E-09
800	49	2.5E-09
800	50	2.45E-09
800	51	2.71E-09
800	52	2.98E-09
800	53	2.53E-09
800	54	2.54E-09
800	55	3.25E-09
800	56	5.62E-09
800	57	6.23E-09
800	58	3.15E-09
800	59	2.51E-09
800	60	2.5E-09
800	61	2.1E-09
800	62	6.49E-10
800	63	2.44E-09
800	64	2.43E-09
800	65	2.9E-09
800	66	2.86E-09
800	67	2.48E-09
800	68	2.48E-09
800	69	2.48E-09
800	70	7.07E-10
800	71	8.62E-09
800	72	2.32E-08
800	73	1.15E-08
800	74	2.8E-09
800	75	2.56E-09
800	76	2.51E-09
800	77	2.43E-09
800	78	2.41E-09
800	79	2.85E-09
800	80	3.27E-09
800	81	3.44E-09
800	82	2.53E-09
800	83	2.49E-09
800	84	2.55E-09
800	85	3.18E-09
800	86	7.96E-09
800	87	1.18E-08
800	88	3.16E-09
800	89	2.74E-09
800	90	2.6E-09
800	91	2.52E-09
800	92	2.47E-09
800	93	2.93E-09
800	94	2.52E-09
800	95	2.92E-09
800	96	1.73E-09
800	97	2.7E-09
800	98	2.69E-09
800	99	2.56E-09
800	100	2.53E-09
800	101	3.87E-09
800	102	2.91E-09
800	103	2.83E-09
800	104	2.7E-09
800	105	2.6E-09
800	106	3.98E-09
800	107	2.82E-09
800	108	2.67E-09
800	109	2.4E-09
800	110	2.49E-09
800	111	1.67E-09
800	112	2.12E-09
800	113	2.52E-09
800	114	2.5E-09
800	115	2.63E-09
800	116	2.75E-09
800	117	2.72E-09
800	118	2.84E-09
800	119	2.93E-09
800	120	2.86E-09
800	121	2.86E-09
800	122	4.71E-09
800	123	2.47E-09
800	124	2.42E-09
800	125	2.47E-09
800	126	2.01E-09
800	127	2.04E-09
800	128	2.52E-09
800	129	2.48E-09
800	130	2.61E-09
800	131	2.63E-09
800	132	2.62E-09
800	133	2.68E-09
800	134	2.63E-09
800	135	2.54E-09
800	136	2.47E-09
800	137	2.43E-09
800	138	2.41E-09
800	139	2.42E-09
800	140	1.86E-09
800	141	2.04E-09
800	142	2.12E-09
800	143	6.31E-10
800	144	2.49E-09
800	145	2.54E-09
800	146	2.52E-09
800	147	2.54E-09
800	148	2.48E-09
800	149	2.49E-09
800	150	2.45E-09
800	151	2.4E-09
800	152	2.37E-09
800	153	2.02E-09
800	154	5.99E-10
800	155	1.89E-09
800	156	2.05E-09
800	157	2.54E-09
800	158	2.5E-09
800	159	2.46E-09
800	160	2.52E-09
800	161	2.51E-09
800	162	2.11E-09
800	163	6.44E-10
800	164	2.49E-09
800	165	2.44E-09
800	166	2.43E-09
800	167	2.42E-09
800	168	1.92E-09
800	169	2.06E-09
800	170	2.66E-09
800	171	2.56E-09
800	172	2.53E-09
800	173	2.51E-09
800	174	2.48E-09
800	175	2.46E-09
800	176	2.43E-09
800	177	2.46E-09
800	178	2.42E-09
800	179	1.91E-09
800	180	2.18E-09
800	181	2.74E-09
800	182	2.62E-09
800	183	3.08E-09
800	184	2.51E-09
800	185	2.47E-09
800	186	3.18E-09
800	187	2.4E-09
800	188	3.02E-09
800	189	1.97E-09
800	190	1.86E-09
800	191	3.24E-09
800	192	2.97E-09
800	193	2.85E-09
800	194	2.71E-09
800	195	2.74E-09
800	196	2.66E-09
800	197	2.76E-09
800	198	1.59E-09
800	199	3.89E-08
900	0	7.41E-07
900	1	2.06E-09
900	2	2.5E-09
900	3	2.36E-09
900	4	2.37E-09
900	5	2.37E-09
900	6	2.4E-09
900	7	2.6E-09
900	8	2.08E-09
900	9	9.68E-09
900	10	3.22E-09
900	11	3.12E-09
900	12	3.07E-09
900	13	2.52E-09
900	14	7.55E-10
900	15	3.06E-09
900	16	3.12E-09
900	17	3.17E-09
900	18	3.45E-09
900	19	3.35E-09
900	20	3.08E-09
900	21	3.02E-09
900	22	2.98E-09
900	23	3.92E-09
900	24	2.97E-09
900	25	2.99E-09
900	26	2.97E-09
900	27	2.99E-09
900	28	3.15E-09
900	29	3.4E-09
900	30	2.98E-09
900	31	2.98E-09
900	32	2.97E-09
900	33	2.96E-09
900	34	2.96E-09
900	35	2.94E-09
900	36	2.93E-09
900	37	2.94E-09
900	38	2.9E-09
900	39	3.15E-09
900	40	3.46E-09
900	41	2.99E-09
900	42	3.02E-09
900	43	3.12E-09
900	44	3.33E-09
900	45	3.21E-09
900	46	3.03E-09
900	47	2.99E-09
900	48	2.96E-09
900	49	2.95E-09
900	50	2.88E-09
900	51	3.14E-09
900	52	3.44E-09
900	53	2.95E-09
900	54	2.99E-09
900	55	3.76E-09
900	56	6.29E-09
900	57	6.94E-09
900	58	3.68E-09
900	59	3.01E-09
900	60	2.98E-09
900	61	2.47E-09
900	62	7.58E-10
900	63	2.88E-09
900	64	2.86E-09
900	65	3.4E-09
900	66	3.3E-09
900	67	2.91E-09
900	68	2.93E-09
900	69	2.88E-09
900	70	8.14E-10
900	71	9.46E-09
900	72	2.49E-08
900	73	1.26E-08
900	74	3.32E-09
900	75	3.07E-09
900	76	3.01E-09
900	77	2.9E-09
900	78	2.86E-09
900	79	3.39E-09
900	80	3.85E-09
900	81	4.1E-09
900	82	2.97E-09
900	83	2.93E-09
900	84	3.01E-09
900	85	3.72E-09
900	86	8.79E-09
900	87	1.29E-08
900	88	3.71E-09
900	89	3.27E-09
900	90	3.11E-09
900	91	3.02E-09
900	92	2.93E-09
900	93	3.52E-09
900	94	2.96E-09
900	95	3.37E-09
900	96	1.96E-09
900	97	3.17E-09
900	98	3.2E-09
900	99	3.03E-09
900	100	2.99E-09
900	101	4.51E-09
900	102	3.44E-09
900	103	3.35E-09
900	104	3.2E-09
900	105	3.11E-09
900	106	4.65E-09
900	107	3.42E-09
900	108	3.2E-09
900	109	2.83E-09
900	110	2.92E-09
900	111	1.9E-09
900	112	2.43E-09
900	113	2.95E-09
900	114	2.97E-09
900	115	3.15E-09
900	116	3.3E-09
900	117	3.27E-09
900	118	3.42E-09
900	119	3.53E-09
900	120	3.46E-09
900	121	3.47E-09
900	122	6.72E-09
900	123	2.93E-09
900	124	2.85E-09
900	125	2.89E-09
900	126	2.33E-09
900	127	2.35E-09
900	128	2.94E-09
900	129	2.92E-09
900	130	3.08E-09
900	131	3.12E-09
900	132	3.13E-09
900	133	3.23E-09
900	134	3.19E-09
900	135	3.03E-09
900	136	2.95E-09
900	137	2.89E-09
900	138	2.86E-09
900	139	2.83E-09
900	140	2.16E-09
900	141	2.35E-09
900	142	2.46E-09
900	143	7.38E-10
900	144	2.94E-09
900	145	3.01E-09
900	146	3E-09
900	147	3.04E-09
900	148	2.98E-09
900	149	2.98E-09
900	150	2.92E-09
900	151	2.85E-09
900	152	2.8E-09
900	153	2.35E-09
900	154	7.01E-10
900	155	2.21E-09
900	156	2.37E-09
900	157	2.98E-09
900	158	2.94E-09
900	159	2.91E-09
900	160	2.98E-09
900	161	2.97E-09
900	162	2.48E-09
900	163	7.56E-10
900	164	2.94E-09
900	165	2.89E-09
900	166	2.87E-09
900	167	2.85E-09
900	168	2.24E-09
900	169	2.37E-09
900	170	3.09E-09
900	171	3.01E-09
900	172	3.01E-09
900	173	2.97E-09
900	174	2.95E-09
900	175	2.91E-09
900	176	2.87E-09
900	177	2.93E-09
900	178	2.85E-09
900	179	2.22E-09
900	180	2.51E-09
900	181	3.2E-09
900	182	3.06E-09
900	183	3.6E-09
900	184	2.95E-09
900	185	2.92E-09
900	186	3.71E-09
900	187	2.82E-09
900	188	3.59E-09
900	189	2.27E-09
900	190	2.12E-09
900	191	3.72E-09
900	192	3.43E-09
900	193	3.3E-09
900	194	3.16E-09
900	195	3.18E-09
900	196	3.1E-09
900	197	3.2E-09
900	198	1.81E-09
900	199	4.01E-08
1000	0	8.52E-07
1000	1	2.31E-09
1000	2	2.84E-09
1000	3	2.69E-09
1000	4	2.71E-09
1000	5	2.7E-09
1000	6	2.74E-09
1000	7	2.96E-09
1000	8	2.34E-09
1000	9	1.13E-08
1000	10	3.71E-09
1000	11	3.59E-09
1000	12	3.55E-09
1000	13	2.9E-09
1000	14	8.64E-10
1000	15	3.53E-09
1000	16	3.58E-09
1000	17	3.64E-09
1000	18	3.93E-09
1000	19	3.82E-09
1000	20	3.52E-09
1000	21	3.48E-09
1000	22	3.45E-09
1000	23	4.48E-09
1000	24	3.44E-09
1000	25	3.47E-09
1000	26	3.44E-09
1000	27	3.44E-09
1000	28	3.62E-09
1000	29	3.88E-09
1000	30	3.44E-09
1000	31	3.45E-09
1000	32	3.45E-09
1000	33	3.44E-09
1000	34	3.45E-09
1000	35	3.43E-09
1000	36	3.41E-09
1000	37	3.42E-09
1000	38	3.35E-09
1000	39	3.62E-09
1000	40	3.96E-09
1000	41	3.45E-09
1000	42	3.5E-09
1000	43	3.63E-09
1000	44	3.85E-09
1000	45	3.74E-09
1000	46	3.56E-09
1000	47	3.49E-09
1000	48	3.45E-09
1000	49	3.43E-09
1000	50	3.33E-09
1000	51	3.62E-09
1000	52	3.92E-09
1000	53	3.4E-09
1000	54	3.48E-09
1000	55	4.31E-09
1000	56	7E-09
1000	57	7.7E-09
1000	58	4.25E-09
1000	59	3.54E-09
1000	60	3.51E-09
1000	61	2.86E-09
1000	62	8.86E-10
1000	63	3.36E-09
1000	64	3.3E-09
1000	65	3.91E-09
1000	66	3.76E-09
1000	67	3.36E-09
1000	68	3.41E-09
1000	69	3.33E-09
1000	70	9.41E-10
1000	71	1.04E-08
1000	72	2.66E-08
1000	73	1.36E-08
1000	74	3.87E-09
1000	75	3.61E-09
1000	76	3.54E-09
1000	77	3.38E-09
1000	78	3.32E-09
1000	79	3.97E-09
1000	80	4.48E-09
1000	81	4.55E-09
1000	82	3.42E-09
1000	83	3.39E-09
1000	84	3.51E-09
1000	85	4.28E-09
1000	86	9.66E-09
1000	87	1.39E-08
1000	88	4.29E-09
1000	89	3.8E-09
1000	90	3.65E-09
1000	91	3.53E-09
1000	92	3.42E-09
1000	93	4.15E-09
1000	94	3.44E-09
1000	95	3.85E-09
1000	96	2.21E-09
1000	97	3.67E-09
1000	98	3.73E-09
1000	99	3.54E-09
1000	100	3.5E-09
1000	101	5.18E-09
1000	102	4E-09
1000	103	3.9E-09
1000	104	3.74E-09
1000	105	3.64E-09
1000	106	5.31E-09
1000	107	4.06E-09
1000	108	3.77E-09
1000	109	3.28E-09
1000	110	3.38E-09
1000	111	2.15E-09
1000	112	2.77E-09
1000	113	3.39E-09
1000	114	3.45E-09
1000	115	3.69E-09
1000	116	3.89E-09
1000	117	3.87E-09
1000	118	4.04E-09
1000	119	4.16E-09
1000	120	4.11E-09
1000	121	4.12E-09
1000	122	7.93E-09
1000	123	3.41E-09
1000	124	3.3E-09
1000	125	3.34E-09
1000	126	2.65E-09
1000	127	2.68E-09
1000	128	3.39E-09
1000	129	3.39E-09
1000	130	3.57E-09
1000	131	3.64E-09
1000	132	3.68E-09
1000	133	3.8E-09
1000	134	3.81E-09
1000	135	3.55E-09
1000	136	3.45E-09
1000	137	3.36E-09
1000	138	3.31E-09
1000	139	3.29E-09
1000	140	2.47E-09
1000	141	2.69E-09
1000	142	2.81E-09
1000	143	8.43E-10
1000	144	3.41E-09
1000	145	3.5E-09
1000	146	3.5E-09
1000	147	3.57E-09
1000	148	3.5E-09
1000	149	3.5E-09
1000	150	3.42E-09
1000	151	3.33E-09
1000	152	3.27E-09
1000	153	2.71E-09
1000	154	8.12E-10
1000	155	2.53E-09
1000	156	2.71E-09
1000	157	3.44E-09
1000	158	3.41E-09
1000	159	3.4E-09
1000	160	3.48E-09
1000	161	3.48E-09
1000	162	2.86E-09
1000	163	8.69E-10
1000	164	3.43E-09
1000	165	3.37E-09
1000	166	3.32E-09
1000	167	3.3E-09
1000	168	2.56E-09
1000	169	2.7E-09
1000	170	3.55E-09
1000	171	3.48E-09
1000	172	3.52E-09
1000	173	3.45E-09
1000	174	3.42E-09
1000	175	3.37E-09
1000	176	3.34E-09
1000	177	3.41E-09
1000	178	3.29E-09
1000	179	2.53E-09
1000	180	2.85E-09
1000	181	3.66E-09
1000	182	3.53E-09
1000	183	4.15E-09
1000	184	3.43E-09
1000	185	3.37E-09
1000	186	4.24E-09
1000	187	3.27E-09
1000	188	4.21E-09
1000	189	2.6E-09
1000	190	2.37E-09
1000	191	4.22E-09
1000	192	3.92E-09
1000	193	3.81E-09
1000	194	3.64E-09
1000	195	3.65E-09
1000	196	3.57E-09
1000	197	3.66E-09
1000	198	2.05E-09
1000	199	4.17E-08
		
# End of manufacturer data file		
