140.155279
148.650362
141.138806
145.596831
142.371810
136.851217
134.042694
134.919827
134.606159
141.051020
144.926772
134.055040
152.323772
144.753754
147.606330
151.639568
144.230414
149.751619
150.793466
152.944127
148.182881
139.624575
148.767039
146.259902
150.911651
148.950695
153.657008
155.299614
148.756080
147.723505
147.545868
146.761702
148.788350
150.648683
149.333798
147.718267
140.518045
148.856713
141.243620
146.240837
142.903557
137.444996
133.684599
134.884292
133.570729
140.808264
144.426713
133.799627
153.176923
145.321759
147.869416
152.044355
144.393322
150.153038
150.859637
152.973753
148.235117
139.788347
148.676306
146.517484
151.129287
149.141702
153.446426
155.503386
148.689920
147.703387
147.346050
146.821135
149.109524
150.208540
149.831560
148.340757
136.566888
147.035093
141.688566
142.519840
139.898433
134.529864
135.927620
136.538000
136.276184
143.988851
146.922897
136.113486
148.116514
143.082204
146.376704
147.986536
142.190033
147.755532
154.476405
156.714041
148.732856
141.128282
153.345530
149.215879
159.378229
156.180751
152.207929
159.109233
156.221721
150.386650
159.129308
155.504965
147.090090
161.684206
159.083380
152.427520
135.803366
147.873738
150.532689
141.143598
138.749073
137.399929
136.690810
136.280016
130.740317
145.463170
147.697578
134.357936
147.312080
143.502088
154.253902
147.059484
141.295277
150.582096
153.935125
157.356963
151.687323
140.122726
152.427072
150.157219
157.661310
158.145515
163.654542
155.690981
154.034770
154.341474
156.696776
157.635189
156.146808
159.979881
156.878418
156.644223
137.191883
146.754275
143.818822
144.015040
139.627251
134.504747
137.226228
136.685740
130.573735
146.942793
147.299481
133.829031
149.147031
143.581939
151.771916
151.894186
141.142157
149.189750
152.718563
158.470635
160.348761
137.621626
150.440831
152.338531
155.713441
160.421816
178.699456
151.719016
150.087798
158.352381
151.255366
162.889518
177.060806
157.983486
152.354209
164.099763
138.403321
144.238472
140.867474
146.341716
142.471704
131.468896
135.692337
138.742286
134.120636
143.217102
145.558804
136.308492
148.783238
142.223221
147.799105
151.021135
143.183255
146.524496
155.859115
155.197009
157.194606
144.756948
153.785840
149.326799
162.160035
153.673074
171.680972
166.631888
156.715082
151.217634
153.839029
152.903434
168.981672
157.342531
161.460090
156.005254
