1.150159
1.227525
1.156062
1.436695
1.131458
1.270956
1.034905
1.173301
1.248406
1.628802
1.125716
1.168380
1.374289
1.308027
1.300545
2.050729
1.144906
1.182167
0.821962
0.954627
0.963969
1.178045
0.892465
0.948837
1.474626
1.290910
1.208406
1.457781
1.137029
1.744042
1.445261
1.339337
1.213684
2.299491
1.158229
1.232779
1.102073
1.242777
1.134614
1.439882
1.152247
1.254351
1.047952
1.214793
1.252053
1.578314
1.137654
1.160188
1.428241
1.445506
1.283151
2.215434
1.168113
1.147295
0.839971
1.054509
0.961703
1.149710
0.888685
0.943299
1.456451
1.390025
1.178675
1.510757
1.132436
1.731734
1.382596
1.537852
1.217216
2.297449
1.148395
1.184302
1.240576
1.305992
1.162207
1.437445
1.132176
1.214470
1.137228
1.233342
1.296248
1.826198
1.279635
1.214482
1.387091
1.202583
1.327674
2.211891
1.070751
1.235202
0.933078
1.022280
0.977655
1.120675
0.933075
0.900336
1.471532
1.355534
1.208798
1.388263
1.052744
1.696572
1.404000
1.468775
1.314500
2.357296
1.224800
1.216640
1.227258
1.323971
1.256538
1.403080
1.164718
1.270073
1.153096
1.232101
1.318821
1.981510
1.246544
1.232358
1.388280
1.211752
1.296010
2.130663
1.063968
1.161092
0.946453
0.903298
1.003759
1.179572
0.930023
0.852750
1.323891
1.202436
1.138054
1.506615
1.076196
1.795789
1.316354
1.349280
1.187847
2.251033
0.987057
1.180136
1.228281
1.386872
1.203572
1.377587
1.127266
1.242333
1.132798
1.239568
1.327754
1.840221
1.254598
1.243315
1.356315
1.219081
1.222592
2.241905
1.071285
1.185098
0.987853
0.672726
1.056555
1.167925
0.924391
0.997055
1.398212
1.264765
1.159336
1.584504
1.152548
1.544751
1.816102
1.625884
1.317061
2.168757
1.180325
1.347250
1.242552
1.361265
1.319578
1.505013
1.105742
1.328019
1.183206
1.363922
1.275098
1.682103
1.268018
1.258218
1.376402
1.168029
1.277085
2.259451
1.066873
1.253672
0.949988
0.956367
0.912373
1.252460
0.960218
0.891935
1.390486
1.368742
1.188202
1.655327
1.248615
1.729672
1.820867
1.662467
1.429859
2.206042
1.188979
1.310668
